5 0.7762358647622067 0.3054434109748938 0.0750105756731898 0.167543888823718
2 0.7833485882891905 0.38015846723509683 0.08143978396473354 0.191722225712874
1 0.8027383816217395 0.5092677877283661 0.06491265921483784 0.13967585749337602
1 0.7501651073939571 0.21465575359246858 0.05633136051360474 0.12986464738701928
3 0.7395305332175897 0.1350490798141566 0.060971215658526035 0.12036116305219022
3 0.817467340164021 0.6298517464026182 0.07908398039375769 0.12558848141196594
6 0.8307845791759154 0.7624269607759623 0.0768479714026831 0.1351479158870729
6 0.7383225268484893 0.06648351428926344 0.05340302322609821 0.09976062032366458
4 0.6530069680322972 0.06329536123247917 0.04372469967467433 0.09593105053178423
4 0.6576109471787027 0.14396408273701977 0.04252277659775125 0.09590307546164532
4 0.6681406231283381 0.22958037189994715 0.044989561687636674 0.09956479483269237
4 0.6751064891378971 0.3127088896986117 0.043787638610713595 0.09953681976255346
4 0.6866073120656447 0.4115743077778318 0.05102015671759857 0.10090659326030996
4 0.6966754358176589 0.5236329046330668 0.05595372689736941 0.1082300320024039
4 0.7103283491550958 0.6369773497756417 0.0524528558933322 0.11415572217660251
4 0.7237504863937223 0.7635429487643702 0.05601666583340868 0.111835801233173
11 0.15760213411771115 0.2706035575456732 0.06434012549830716 0.17570557473092957
8 0.1428284865159226 0.35923813946645305 0.07199223651212032 0.20111380976714754
7 0.16499640609518998 0.19141650981944458 0.05169150536868393 0.13936813172184837
7 0.12613960789543283 0.4887101309324787 0.05884010489418312 0.13593021291191248
9 0.18320798576497646 0.11248123772446596 0.055150417082028245 0.13103859539380347
9 0.13127416146767615 0.6078683659686968 0.06621948051849294 0.14571344794813038
12 0.09978457230787395 0.7586392719776711 0.07212419767637623 0.1398437079142093
12 0.185542809690606 0.0476053666407587 0.049587457541864936 0.08765746434401712
10 0.2610812300208195 0.12872269420657073 0.04621246440990633 0.10079469297975431
10 0.26484875312218265 0.050653644346848506 0.04361980144794245 0.08992143514716883
10 0.25716684940203144 0.2152052056047545 0.04378763861071373 0.09953681976255346
10 0.2495837606164349 0.30520956102329083 0.04749830606821505 0.1056303603575855
10 0.24775853147129676 0.40977686871559843 0.04865826985444531 0.10325448927387817
10 0.23505305569781168 0.5176981700074255 0.04979725399532912 0.09967669511324792
10 0.23082398039882734 0.6222095275594554 0.05354988074352326 0.1081740818621261
10 0.2153789841459535 0.7493056479417738 0.06569498938483256 0.11566537102505346