10 0.7320246237081174 0.1543746222577264 0.06334858608916114 0.11282782842116691
7 0.568053383782522 0.4290093269268792 0.06545979129853773 0.14409880806651343
8 0.8503690303912705 0.2954104021036631 0.08424516819920697 0.21170021540905543
11 0.6594196256367962 0.13880647790158823 0.07021964938972894 0.1838252085410141
12 0.5737739713133324 0.33631439248637734 0.06631199047836325 0.13210055694262904
9 0.5673467098069979 0.6526928971066499 0.07316094321601287 0.16105160901551502
10 0.7551244663698781 0.3283387737313763 0.06122451905299296 0.12240125374585877
10 0.6644484235736718 0.5596054326967437 0.06373328237596845 0.12604898226732075
6 0.7351315307468232 0.05996397805560613 0.06267124885788423 0.11992795611121226
3 0.7787802541763302 0.6453947102949117 0.07563473414927831 0.16349741446005395
2 0.23000186075041407 0.300226283717798 0.09750129443507073 0.21313291458478917
4 0.4752532739501479 0.669933329798324 0.06246141451962582 0.12362415646812809
4 0.4166367997437971 0.34988003371906545 0.05387309103261537 0.11746768356608793
4 0.4042385083332215 0.5437043437838771 0.061434353391251376 0.12961279220739724