5 0.1911443749980989 0.2776442307692308 0.07254379058330453 0.1622596153846154
2 0.18645647727030765 0.35336538461538464 0.0767369898837734 0.19591346153846154
1 0.27389979332747927 0.6117788461538461 0.05900794205695448 0.14423076923076922
1 0.2220228246740408 0.1875 0.05536021353549236 0.14182692307692307
12 0.14142433253742903 0.734375 0.07823871128772371 0.14423076923076922
12 0.23044845279685716 0.05048076923076923 0.05705075174756047 0.10096153846153846
3 0.5511007217756211 0.3798076923076923 0.0612859103387221 0.13701923076923078
3 0.38882348026902247 0.10336538461538461 0.05167052572333748 0.13701923076923078
4 0.3109921953038723 0.1201923076923077 0.04239689872567299 0.08774038461538461
4 0.31802100024947044 0.040865384615384616 0.04950353896047929 0.08173076923076923
4 0.27194868631026264 0.5 0.05108309565363784 0.10336538461538461
4 0.2832397127845463 0.3894230769230769 0.05112505494433073 0.10576923076923077
4 0.3040263292943134 0.203125 0.04631736263663842 0.10576923076923077
4 0.4700744474256383 0.2824519230769231 0.04277453234190832 0.109375
4 0.372478465280518 0.6129807692307693 0.05365477897025528 0.11298076923076923
4 0.3446752104095075 0.7415865384615384 0.057365446427756664 0.11899038461538461
12 0.7915577129118163 0.039663461538461536 0.05787504120824794 0.07932692307692307
12 0.7545729389309697 0.7439903846153846 0.07214517732172254 0.13942307692307693
8 0.8329861944281909 0.3473557692307692 0.08051059627731405 0.20552884615384615
11 0.8169896441041329 0.25721153846153844 0.0787841820667306 0.17548076923076922
7 0.8473131861855274 0.4795673076923077 0.06744238324076253 0.14543269230769232
7 0.6281171540956243 0.040865384615384616 0.054311231268171736 0.08173076923076923
9 0.6280210689298839 0.17307692307692307 0.060125946552491774 0.13942307692307693
9 0.8409347502456682 0.5961538461538461 0.07705776785614714 0.14543269230769232
10 0.5489391945503913 0.7379807692307693 0.058462471277947584 0.11298076923076923
10 0.738315819801763 0.5012019230769231 0.04988117257671476 0.10336538461538461
10 0.7414268906052097 0.6105769230769231 0.06202628121802407 0.11057692307692307
10 0.724471359887394 0.39663461538461536 0.04996509115810054 0.10817307692307693
10 0.5530071397333306 0.2824519230769231 0.04743536713217585 0.10096153846153846
10 0.5585044305686405 0.11538461538461539 0.047393407841482965 0.0985576923076923
10 0.7150001030206201 0.19831730769230768 0.047540265358907874 0.10697115384615384
10 0.7086669798948169 0.042067307692307696 0.04834357517424911 0.08413461538461539