8 0.8353602395603233 0.4270502653538382 0.08304324512228388 0.21167923576370903
12 0.8087450924742648 0.10190164522421498 0.06387317193480732 0.13085667457501307
7 0.8177438359016652 0.1645904620323327 0.06573957041621571 0.15371419268189795
7 0.845625215198604 0.6941918831109575 0.08118970846766707 0.14797731268678596
9 0.8287597066413066 0.5712390752939146 0.06786363745238387 0.14414076735720618
9 0.6441937742862616 0.3431436962992192 0.05927531396537343 0.13798429445516588
11 0.6555541652964695 0.1593543637567205 0.07135162768723245 0.1814423420325144
10 0.5852923173357018 0.0943936619590125 0.053733201473776374 0.11265999125839563
10 0.5780622814019095 0.2602170872837043 0.054830207381570246 0.10907520167297277
10 0.7271449640662078 0.17864198863135158 0.05253127839685316 0.11263901161304918
10 0.7351902042353179 0.35675738011477753 0.054900152160989535 0.11147904782681892
10 0.7321825787202788 0.4601227647301621 0.06218163540194756 0.1140087718527436
10 0.7398210120396634 0.693547597397396 0.06833114034540208 0.1189213623871678
5 0.4671521093453448 0.435053570800912 0.06926253304077407 0.19221769043412926
1 0.6281084975745723 0.5653316283672172 0.066906521103429 0.15253324925032133
3 0.3927120720916604 0.348374335037203 0.06680160393429979 0.1489274800195521
3 0.3400002961007959 0.6721382985739628 0.07220382686705798 0.16944409090863005
2 0.21248069350582696 0.30193717782066354 0.0864391800147947 0.20453063623820983
1 0.3437057788741633 0.090176753244383 0.059415203524212555 0.14279198676285818
6 0.25957116348954795 0.08870817807013395 0.06026740270403808 0.13079373563897384
6 0.17028072243600925 0.5537326142594636 0.0752150654727614 0.14907433753697702
4 0.22791031153022642 0.8048655151081701 0.0658923218018462 0.11767748001955197
4 0.3011211115175383 0.35519334352933696 0.054830207381570246 0.10907520167297277
4 0.415532135635743 0.18402556817893767 0.05380314625319594 0.11506383741224177
4 0.4778480249510672 0.2741007767199518 0.05129438293022058 0.11141610889077966
4 0.37474753507177133 0.552491461660662 0.056311909576171305 0.11871156593370376
4 0.4381033473422614 0.6894836294923687 0.05765372221193351 0.1235402378867423