8 0.8436554687729345 0.390404284471279 0.07809871284825057 0.20564864073374728
12 0.8051354615506987 0.07610884803247889 0.059160800017131976 0.12720894605355101
7 0.8154501282255235 0.13603716471586141 0.06183037335356545 0.15008744380578232
7 0.8647191990647511 0.6509068974833905 0.07618352207069853 0.144329584165324
9 0.8428879426381783 0.5310712437619718 0.06292041130097804 0.14049303883574404
9 0.654058464659928 0.3167750118675893 0.05563894463349574 0.13435754557905027
11 0.6579702338662229 0.13638165210239567 0.06694574976741144 0.17661367007947565
10 0.5875454277040555 0.07630039460941083 0.05055153950202724 0.11023516545920302
10 0.5870156574695089 0.237400046207796 0.05171150565538395 0.10665037587378023
10 0.7290934800225164 0.1531726991808033 0.049335630783915556 0.10901226273693353
10 0.7431266431229349 0.3260398258042623 0.05173947693776171 0.1090542220276264
10 0.7443014369827944 0.42700136426580065 0.058965001040488775 0.110382022976628
10 0.7613538144493665 0.6527111469831822 0.0638426215541252 0.11647555694262889
5 0.48566420518531206 0.41228121878451074 0.06466777438426465 0.18738901848109057
1 0.6481484328942624 0.5320661001542449 0.06301831078929993 0.14890650037420572
3 0.410165979532865 0.3294473414113731 0.06177443078881021 0.14527975149808997
3 0.3705749723962896 0.6463083778746134 0.0680218020736353 0.1658173420325143
2 0.23179186670664154 0.2904850212303349 0.08162056823188688 0.19850004120824802
1 0.3507525959090204 0.0792314616657316 0.055694887198250984 0.13916523788674254
6 0.26903581231943996 0.0818600006262109 0.056756953863285955 0.12716698676285818
6 0.20099109135531132 0.5362647589923422 0.0713898154041949 0.14544758866086127
4 0.2675460852347503 0.7803451454812899 0.061410804117901424 0.11402975149808998
4 0.3201196482519559 0.3394342763508158 0.05171150565538395 0.10665037587378023
4 0.4251328123316772 0.16929785714575413 0.050579510784404993 0.11263901161304918
4 0.48982771593300534 0.25352247440393255 0.0481197220658036 0.10778936001466405
4 0.3992664421240526 0.5291973482794146 0.05301132822062863 0.11508481705758829
4 0.46691063188559023 0.6602550062469 0.05426919386230695 0.11991348901062683