2 0.23543959286097715 0.30212599462878126 0.08665203079860007 0.21781472902040294
6 0.43129542770405543 0.09404917457247823 0.059230728223076096 0.1332185614381664
1 0.49308384413405454 0.2405308491474913 0.07032774873915998 0.15744583978474566
4 0.32249552312342444 0.34810768293987704 0.05542916001566366 0.11632869942520412
4 0.3981204616118847 0.547704748998316 0.06030678052929995 0.12242223339120514
4 0.46323493444887703 0.6702109009709069 0.06039069437643281 0.12963377185274347
4 0.5838426010502785 0.19164453296304967 0.05907688616999925 0.11999740759201255
3 0.655345143649298 0.45005191120933385 0.0726896379694395 0.1538820298446693
3 0.7646379139327931 0.6514383304143956 0.0763933066885306 0.16235843031917013
9 0.7759595467732119 0.7982407829617822 0.0775113159183207 0.1551678715029779
12 0.8039335384737758 0.10415863386063624 0.0664142954022368 0.13094059315639875
11 0.6555663877123767 0.15924946552998842 0.0669877066909778 0.18021943931024487
8 0.8388888913234946 0.31986931505422017 0.08770011182244603 0.20461455481959548
7 0.5662629795451022 0.4364801866844683 0.06434610463692209 0.15974478771185965
10 0.6540444790187393 0.33827306505548765 0.05299734257943975 0.11388289398066508
10 0.7267036195098591 0.17971803383619617 0.057763077963565695 0.11036104333128148
10 0.7430986718405574 0.349440943426507 0.060292794888110936 0.12122031031428207
10 0.6531798954609754 0.5737870491963715 0.06996412206825106 0.12619583978474552