12 0.8243536175568089 0.08648925549621865 0.0772342153398003 0.13546850872790164
12 0.8243536175568089 0.08648925549621865 0.0772342153398003 0.13546850872790164
8 0.8689666835165997 0.42223137755223245 0.09940266530618877 0.23665381744846095
11 0.6699221818217163 0.14717112214167416 0.07774593935865518 0.1943487538559436
7 0.8407701206933419 0.15516669857509965 0.0682483337391912 0.15699123898300657
7 0.6665411313107948 0.44390626572978614 0.07549484459043945 0.15827707590706253
9 0.8085670494539829 0.824036469850135 0.09415319375906114 0.18012147590950997
10 0.7475097341492785 0.17090274163929606 0.05298591946308006 0.12797725744258714
10 0.7684155649954513 0.35257493959013514 0.06104965710444405 0.11605592616167798
10 0.7726251135874135 0.45595430984670854 0.06380322715538803 0.12810312821328637
10 0.6707378180759652 0.5881370349605552 0.06977787015029363 0.12697113334230728
2 0.22643106390935464 0.30781986259363503 0.09668406764495491 0.22580853847377563
3 0.5896771598951438 0.8166833908460803 0.08425803002599853 0.1703942061646149
1 0.4035149274213101 0.15848938672083668 0.057186219318915314 0.14845190667384583
3 0.5744420598084823 0.25179353033342305 0.07157432385228232 0.1474178112911884
6 0.43001793115691045 0.0782961959555218 0.060407292262877214 0.13527270975125838
6 0.5045464106622681 0.16206802673454235 0.06655679720633145 0.1401503302648947
4 0.5952501996668549 0.18234771905447186 0.05260122317627287 0.1147561035964333
4 0.26876369835668235 0.8129492246486698 0.07334866699135294 0.12581116718895055
4 0.31907119617476937 0.353353925170138 0.05740891548396517 0.11481204616118841
4 0.4067822440459067 0.5598337949248228 0.0599876235863601 0.12084963282818141
4 0.4767000037550391 0.6916126205748222 0.06369830998625868 0.124497358982517