8 0.8199756539397207 0.39170957609993373 0.06847545382022784 0.20267960766990015
2 0.1865342220656296 0.37808681903058533 0.07565902194613666 0.19808174970046627
11 0.8048750977327757 0.30111070426447617 0.06593175598823382 0.17857120135201904
5 0.1917754545755806 0.3037074778201936 0.07309434636242032 0.17036757415181605
9 0.8269696209449804 0.6359447674432867 0.07412844742556583 0.14155639269537199
3 0.5421705937406198 0.4112751848462112 0.05730152434864276 0.1410667792394353
3 0.39349654792049243 0.13767286690172262 0.050082993303196974 0.1396550218242538
7 0.8336435318007988 0.5219369370841431 0.05969138533467399 0.13873287786500874
9 0.6238741939909088 0.21169525803368783 0.050076000719289644 0.13845309874733067
12 0.7347773644460314 0.7787195581330375 0.06329016198153589 0.13763587195721472
7 0.8017168538720798 0.22408271017227 0.0524728542892282 0.13732112044982717
1 0.22714168243158994 0.2169812925063919 0.04765816939762857 0.13597930781406503
1 0.26680354125975264 0.6316668646077718 0.05967740016685934 0.13632903171116256
1 0.13026599742498293 0.7515130614936465 0.07406551417039929 0.1307390850030643
1 0.23644320212629105 0.06458186846512937 0.04992915645723418 0.1132127141319461
10 0.5340701957676923 0.7704753228976624 0.05233300261108034 0.1132826589113657
4 0.3605395560919379 0.6367985571589787 0.05352793310409609 0.1121157082241524
4 0.3321471188446154 0.7645999614264236 0.05111010178243502 0.10964191729088668
10 0.7289293798464356 0.5441347237947791 0.05951657073698923 0.10868480094193181
12 0.7869659268605047 0.07338768449065856 0.05106814627899052 0.10243037882934815
10 0.728321025046492 0.6487020314870868 0.060718493813912304 0.1087197733316416
10 0.7175464742127781 0.43440999989768153 0.06070450864609738 0.10631592717779544
10 0.7076250186157668 0.07348335292366091 0.04387758556917458 0.10582631372185886
10 0.7090499030225772 0.2418225284723112 0.04867828529295929 0.1047642802037748
4 0.2686347968883415 0.5235287600744046 0.05227706193982119 0.10366727429598108
4 0.46701583919096523 0.3117161550637274 0.04746936963212889 0.10352738473714194
4 0.30277193268694763 0.23480955305810639 0.043856607817452195 0.10222054449108967
10 0.5581040687876947 0.15207946890734364 0.043856607817452334 0.10222054449108967
10 0.7157439902749683 0.33097467050287743 0.048657307541237045 0.10115851097300557
4 0.31407872125277314 0.15098968918087882 0.04382863748182263 0.09741285218339732
4 0.3218007183395517 0.06345913890375272 0.040215875667145934 0.09610601193734497
4 0.2776915761462837 0.41319664372544973 0.0499151712894194 0.11080886797809998