8 0.1745841040185018 0.3598208563874137 0.06954643106758131 0.19788459488076882
2 0.7948603302921953 0.3574119578416833 0.07547212787081091 0.19314683077902062
11 0.1874756668312904 0.2719126440777634 0.06672299200680694 0.17381816205992967
5 0.7887938592637179 0.28535251579105386 0.0737876729509205 0.165488614368601
9 0.17034559190397688 0.5991014481834275 0.07330514110795286 0.1378443835993702
3 0.44670125124608473 0.3843043322479748 0.05765916146260649 0.13646064718699266
3 0.5899222677314119 0.118161021458675 0.050447623001068025 0.13637673333985983
7 0.16238486950214492 0.4873925302355255 0.0600420279711062 0.13528669539244723
9 0.36511460976392623 0.18689609123293932 0.050426643355721654 0.13517481026293673
12 0.26178447739250804 0.7410953568893023 0.06362681755652905 0.1341267292390905
7 0.18975971840523545 0.19614953330804313 0.05280950986422129 0.13400085846839127
1 0.7536084989995834 0.19800372912895575 0.04918276098810555 0.13275697846790177
1 0.7186323114343641 0.6047432265705639 0.060000068680413236 0.13288284923860105
1 0.8541647171528137 0.7245850511678374 0.07311632429983533 0.12702707590706253
1 0.7413916383612433 0.05202218277189035 0.04998607080344678 0.1040443655437807
10 0.4588579027171998 0.7363978655804923 0.052389916957292934 0.10996239692992961
4 0.6285090603104797 0.6069940727366473 0.053570860388869775 0.10877445949419554
4 0.6559732873325844 0.7341042204255286 0.05234795766660018 0.10755855077608345
10 0.2661908266698042 0.511430149708673 0.059517536837445824 0.1052386184693703
12 0.20278324238227993 0.04824390870587469 0.04979725399532912 0.09648781741174937
10 0.26677217344732645 0.6136075968883232 0.060719459914368897 0.10525260411055917
10 0.27511996628093455 0.4031312020148968 0.06067750062367608 0.10284875795671287
10 0.2809502016729728 0.04987525870036794 0.043850577546753 0.09975051740073589
10 0.28023962350000886 0.21433137944965208 0.04863729020909893 0.10150697846790184
4 0.7167861026438795 0.49897399580133306 0.052243059439868164 0.1015489353914682
4 0.5195630900329486 0.2884852994173459 0.04741438748682934 0.10029106974978988
4 0.679362003619856 0.21449583888266158 0.04380861825606011 0.10024911282622352
10 0.4278304895095678 0.12966446763454811 0.04380861825606011 0.10024911282622352
10 0.27576152222568184 0.3021416922709807 0.04857435127305966 0.09790120923713261
4 0.6671180800439921 0.13289094042259156 0.04370372002932809 0.09423949744160814
4 0.6596189098397812 0.04762433016699712 0.04127889423013542 0.09300960308230745
4 0.7064844730242407 0.39089881836657775 0.049944111512754026 0.10753057949370597