6 0.6007822124796426 0.06021961629103875 0.059233836937769624 0.11330242809050955
6 0.8816660033370293 0.7366078187194709 0.08067385913464684 0.14226745586308917
2 0.8098443723232573 0.36675814763862574 0.09839746307044915 0.20245451330003922
5 0.6161363342120935 0.2933507377106713 0.07583946195408067 0.17588633909739831
4 0.6804754465979783 0.13909901399788835 0.04940859192880472 0.10723687203463499
4 0.6967605621904034 0.22676248019029158 0.04704671785367454 0.10842480994374327
4 0.7246070452249931 0.4045212290645738 0.055376235234704134 0.10606991187724887
4 0.7379579448461056 0.5114364422394685 0.054258256315213006 0.10846676544718757
4 0.5322535512997743 0.3010517570457276 0.052930417002141864 0.10485400363251102
4 0.528708799942974 0.06184109440240572 0.04936661985008875 0.10603494895771191
3 0.604292599885948 0.12631839293790056 0.05273582381440383 0.13369316489475747
3 0.4610920868278269 0.3976391434018325 0.06873857252284829 0.14460137617786126
7 0.2836959201313615 0.7569170485822784 0.07346232067310851 0.14222550035964468
7 0.17478639158664883 0.4954782022773616 0.0734203485943924 0.14102357728272175
12 0.20866148485170724 0.054781499205175166 0.06876527739572215 0.10956299841035033
8 0.18476042816582516 0.36799044511662665 0.08534419753915941 0.20718528718475013
11 0.37347378890977995 0.298369008890735 0.08412700725639415 0.17232951795398088
9 0.37454596621174446 0.19136988470895153 0.0589552995925995 0.1397377431989098
9 0.18598527752621136 0.6096189390816095 0.07959785229387197 0.1458662325099511
10 0.4518506213820762 0.30512602939829253 0.04940859192880472 0.10723687203463506
10 0.2867864848517072 0.05363182016877022 0.054216284236497034 0.10726364033754043
10 0.29726040778606533 0.21586286420139397 0.05678801870520736 0.11208651984577173
10 0.28624855785541925 0.6234616315403725 0.07142095602186457 0.11818004623727582
10 0.4779457657270235 0.742563096143126 0.0690590819467344 0.11936798414638397