5 0.7910866286784634 0.27699783904140407 0.07155764309846055 0.1598706655839382
2 0.7950272112324499 0.3514331512292492 0.0755270390001387 0.19118360451997746
1 0.8163812717279751 0.47843838412151346 0.0592447138642647 0.13442048451508953
1 0.7632334553567145 0.19216481206817956 0.050775309761048194 0.12946593468997225
3 0.7532972430593016 0.11663247503014346 0.06020888104097821 0.1140087718527436
3 0.831795645044829 0.5995388998558944 0.07474384309356562 0.12387591221228515
6 0.7529484440948955 0.04801445195679556 0.04809175078342612 0.09602890391359112
6 0.8447642152842703 0.7242871441117374 0.07000607899181742 0.12980160901551477
4 0.741384845027697 0.7272933166884522 0.05408738052685235 0.10428848901062683
4 0.7284022891470668 0.6037469955095323 0.0516835343730062 0.10424652971993408
4 0.7152379199309821 0.49582567433061236 0.045617976423635846 0.09933393918550976
4 0.704449425586366 0.3902662400148457 0.04683388514174753 0.10055684190777921
4 0.6923750943176942 0.29193932380596394 0.04797986565391564 0.09577012924543328
4 0.6825227958674139 0.2091954483063894 0.042012207192866614 0.09927100024947048
4 0.6738724204940567 0.1264305931614684 0.04311623078146782 0.09087851835635533
4 0.6700437230695807 0.04480577516456387 0.0419562646281111 0.08961155032912774
11 0.1879310286809108 0.2695007748514584 0.0644719754076213 0.1705620954041675
8 0.1712850768741281 0.35751389485634644 0.06837144310335547 0.19586541895559123
7 0.19120198458846277 0.1949395847915348 0.050831252325803364 0.13427362699766457
7 0.155379521985038 0.48516949675434956 0.05804279078734183 0.13439950486974303
9 0.21016786870195878 0.11409604395749244 0.05317915591489435 0.12950789398066512
9 0.16004651581552826 0.6004492139122329 0.06777006053223686 0.14418272664789894
12 0.13428782041084386 0.7487053452806995 0.06528230053125791 0.13692922889566772
12 0.21097903589090938 0.04644051073990268 0.049195774372027386 0.09288102147980536
10 0.2891040358909094 0.04572195788678795 0.04078231283356585 0.0914439157735759
10 0.2857491661362246 0.12479355706989903 0.04431815385839103 0.0908994980017017
10 0.28110845945748386 0.213798803698246 0.04322811591097843 0.10049390297173993
10 0.27532177226657534 0.29801733766424704 0.050453640013705635 0.10182170392074155
10 0.2753069445600725 0.4025636657112083 0.049251716936782555 0.10180072427539517
10 0.25963914557119205 0.5097865753015192 0.056505212321887516 0.1055323713782428
10 0.2584363804289549 0.6131519599169037 0.05292741437349584 0.10787327859604968
10 0.24494865733489976 0.7395636794472911 0.05772112103999934 0.10675527410051225