2 0.22049115339294217 0.2929138712266708 0.08052265492508817 0.20783702387469
3 0.3973976083856712 0.3262344684008753 0.05735047243599457 0.14948024077789698
3 0.5574717504278687 0.7723742391950512 0.06946060679602152 0.1654549646749944
6 0.42109962454142824 0.06371055816961767 0.05845449933821401 0.12742111633923534
6 0.4712813153744782 0.42145692185934946 0.06331813231716546 0.1424435642649073
4 0.24978643531946834 0.7825290940376716 0.0644361443871999 0.12805545973154017
4 0.30727435536816267 0.33246316685987615 0.054736848764926495 0.11335260369078512
4 0.38537218638768245 0.5321480108415287 0.05237495811452483 0.12049419737290415
4 0.45341410000565163 0.6563914800947056 0.059572511408248374 0.11830018555731642
4 0.47748592175335125 0.2481701644441679 0.05590380892231268 0.10737796069587952
4 0.5009789617470358 0.15372071664997283 0.05113107953415726 0.11324768652165584
1 0.39393088947790045 0.14361210548798714 0.053772673540854916 0.15418301591645994
1 0.6437786553422367 0.5234270239770085 0.070599596617778 0.1546726293723965
11 0.6486686559465189 0.12417872810028838 0.05995011093924801 0.18320403171116262
9 0.764258460329897 0.7759743727803581 0.0754842073484517 0.16803367277738948
9 0.6473136973787825 0.30453713441816943 0.06210222407242774 0.14000474572135138
7 0.6407314914689098 0.4129200456795049 0.058517432593380755 0.14350559778299127
7 0.8145550183136258 0.12295830755111144 0.0705576411143335 0.1474610909108581
12 0.8009842352721018 0.0632468499917649 0.05841254383476979 0.12547675162914512
8 0.8377000318222391 0.38194418915172046 0.08052964750899551 0.20903894695161307
10 0.583401195429488 0.06356723714461511 0.05233300261108034 0.1132826589113656
10 0.7233067606421754 0.14244313224597588 0.05230503227545077 0.10847496660367331
10 0.738743762231825 0.316302309723305 0.05108213144680544 0.10483422498319438
10 0.7405190771891549 0.41482502964128753 0.054743841348834095 0.11455452676770819
10 0.7515120008342969 0.6513240966774556 0.060781427069078776 0.11953708102394928