9 0.6047639487342651 0.09912232417685413 0.06423421950741161 0.15122100963169577
9 0.8192987057483868 0.7625762035607717 0.08610659079223655 0.17240919935627702
8 0.8891047754369906 0.3549258577573001 0.09398944003083762 0.23035333952088083
11 0.6948102800151742 0.09097408575917555 0.0730812359227259 0.1819481715183511
12 0.8492290030847549 0.043526731125643196 0.07586185232335597 0.08705346225128639
7 0.8618775877074819 0.0817268377931594 0.07152967181608279 0.1586843805655305
7 0.6861895600548227 0.38004798521415756 0.07034173438034859 0.15984433156373748
10 0.6219536564167829 0.03776228473245553 0.062416928218181164 0.07552456946491105
10 0.7706852759144049 0.09813786962173253 0.05774909232237709 0.11014576462273097
10 0.7884360933751029 0.28028454029073163 0.06271062668314624 0.12353480678374892
10 0.8032952513709749 0.6272625608130565 0.0627525836067126 0.127140576014518
10 0.7872769692870604 0.3873396382943176 0.06157863181216701 0.12950245008964834
2 0.24710918260048784 0.25950851417448945 0.09148769438867 0.22185593382498714
3 0.4278591702981798 0.2928761639055445 0.06436009027811096 0.16203831732400342
3 0.6004228349776874 0.7593978141947838 0.07762320104783117 0.16610577942064927
6 0.4561302287249647 0.043932167566363915 0.05888108719335605 0.08786433513272783
6 0.5108206759535638 0.39579129332208435 0.06782600309699209 0.15014500279092077
1 0.4268793333496496 0.10533419182682849 0.05352879694461439 0.16045864553863598
1 0.6840243118665003 0.5039719783733825 0.06795187386769132 0.16096231048322862
4 0.515920382595593 0.2140490762344035 0.05182339078489443 0.1171474426906892
4 0.5412158677104187 0.11456799819495825 0.05535923180971954 0.11126374354222192
4 0.33424902671006795 0.30816921681462667 0.05665905437496436 0.11971917715939953
4 0.2783494072858692 0.7742521005214525 0.06519838668412511 0.13083028940271946
4 0.42196312417370296 0.5095161223027106 0.0568688389927963 0.13774802331324557
4 0.4907812657297861 0.6369733782023045 0.06282251181265644 0.1331501913991334