5 0.4951923076923077 0.41659020927630575 0.06850961538461539 0.193908192667337
3 0.4182692307692308 0.3256915808002254 0.056490384615384616 0.15297288221287844
3 0.3713942307692308 0.6637046761879986 0.07211538461538461 0.16267917041905924
2 0.23677884615384615 0.2918916917394733 0.0829326923076923 0.20601133444345662
6 0.27163461538461536 0.06630270870979117 0.05889423076923077 0.13260541741958234
6 0.15264423076923078 0.7983907879976067 0.0829326923076923 0.1471171036742257
4 0.2608173076923077 0.7977614554459407 0.06610576923076923 0.12899036134567618
4 0.32572115384615385 0.33584539437647964 0.055288461538461536 0.12051396655204805
4 0.4375 0.15971431484232243 0.046875 0.11084963384931161
4 0.40384615384615385 0.542121645653268 0.056490384615384616 0.11330942067441704
4 0.4723557692307692 0.6703288376013155 0.06009615384615385 0.11934001381075468
4 0.5036057692307693 0.2530797227274155 0.05048076923076923 0.12288984237026462
1 0.3557692307692308 0.06876054705013229 0.057692307692307696 0.13752109410026458
1 0.6670673076923077 0.5381864236237016 0.0625 0.15541169128626164
12 0.8341346153846154 0.06496692484469074 0.05889423076923077 0.1299338496893815
8 0.8701923076923077 0.3939758307895052 0.07572115384615384 0.20717130201693534
9 0.6754807692307693 0.32058939861327296 0.0625 0.145796306670877
9 0.8713942307692307 0.5454111458979055 0.07572115384615384 0.14827707124770456
7 0.8449519230769231 0.1309015212054067 0.06129807692307692 0.14819316024081577
7 0.890625 0.6642896491707717 0.07091346153846154 0.148249100912075
11 0.7548076923076923 0.20474327269076925 0.07692307692307693 0.16991867921622733
10 0.7548076923076923 0.1470509649984616 0.051682692307692304 0.1048679888003258
10 0.6081730769230769 0.06497136792747188 0.051682692307692304 0.10727183495417197
10 0.6033653846153846 0.2356724151861784 0.04807692307692308 0.11205854951014207
10 0.7692307692307693 0.3296593616838805 0.04927884615384615 0.1108636190171264
10 0.7704326923076923 0.4342196767922808 0.056490384615384616 0.1157132668282632
10 0.7776442307692307 0.6733604135965288 0.06009615384615385 0.12294578304152363