5 0.511987891225597 0.43090351219057915 0.06708560617929954 0.18938850904432675
3 0.5863261507246874 0.34529644334748955 0.0570086954046844 0.14944526838818709
3 0.6282091188855984 0.6723465480026142 0.07152967181608279 0.15827839860316573
2 0.7621985179087432 0.3167485660912676 0.08283647694999875 0.20066045780286118
6 0.7298741497331473 0.09818628986660778 0.05798684822258666 0.13024947154712768
6 0.8370491937399349 0.8070724854325904 0.08217915181412504 0.14417007318747685
4 0.7324818860476273 0.8040298875278418 0.06514244411936988 0.125651613577694
4 0.6751565732874847 0.35749978480139605 0.055443145656852266 0.11816029599847742
4 0.5689694574132178 0.18367919280444117 0.04691779898888052 0.10830010465512455
4 0.5983297117221013 0.5536488043316989 0.05654716924545401 0.10978180684972567
4 0.5307694358076964 0.6767253228976624 0.059034929246432895 0.11706329009068356
4 0.5054065486828687 0.2732067823856878 0.04944751591342576 0.11918735712685173
1 0.6494012461440563 0.09103544744836191 0.055750829763005945 0.14460260369078512
1 0.34473792813252085 0.5450677070260176 0.06183037335356545 0.15078708102394928
12 0.18900876511776274 0.08244871449721816 0.0580008338637754 0.13145139462405078
8 0.1504328153307717 0.4011460536571737 0.07563892412964911 0.20165254654152584
9 0.3387719538020999 0.3344863618365108 0.061732473865243845 0.14237361948548774
9 0.1475386296700034 0.5465437735751563 0.07498159899377531 0.14516216192614123
7 0.17742224716007085 0.1482397322205996 0.060544536429509646 0.14354057017270103
7 0.1281671619620321 0.6614038031141255 0.0701599210448942 0.143820349290379
11 0.26314954150958175 0.2204692827412404 0.07521935489398501 0.16559485423383352
10 0.26379288100426673 0.16518082120277885 0.051655563090628714 0.10243037882934815
10 0.40655684204083964 0.08877871703468378 0.05168353437300633 0.10483422498319431
10 0.40943451586447704 0.2547839912089074 0.046931784630069265 0.10950202773204755
10 0.24852982354454753 0.34027689414674084 0.04811972206580353 0.10833507704483426
10 0.24613912096657617 0.44240538329549256 0.05658912616902024 0.1133875760804949
10 0.23624233939678738 0.6729647797264648 0.05906290052881044 0.11946713624452972