5 0.47610476313468264 0.43918994599699307 0.06830151489741135 0.1906254045109596
3 0.4005645805586692 0.34928127321960367 0.0570086954046844 0.14944526838818722
3 0.3586955980389469 0.6748753993337099 0.0715436574572718 0.1594803216800888
2 0.2234902902976904 0.3104864857784235 0.08285046259118757 0.20186238087978425
6 0.25580067283209734 0.09275068508000646 0.05918877129950966 0.13028444393683744
6 0.14866758574887615 0.7985279510524853 0.082179151814125 0.14417007318747685
4 0.25323489344118383 0.8015705489572341 0.06634436719629296 0.1256865859674035
4 0.31173415799587195 0.35630870099646644 0.055443145656852405 0.11816029599847742
4 0.4179212738701388 0.18878313914726744 0.04691779898888052 0.10830010465512455
4 0.38857500520244415 0.557996219927702 0.05656115488664262 0.11098372992664875
4 0.457337204193772 0.6849546737514483 0.059034929246432895 0.11706329009068356
4 0.4826861056774109 0.2819828296480383 0.050649438990348836 0.11922232951656145
1 0.3374754994981114 0.09032111527257748 0.055750829763006084 0.14460260369078512
1 0.6445706349458706 0.5642434158589567 0.06304628207167741 0.15202397649058214
12 0.8002718266782514 0.10859317761852533 0.059202756940698334 0.13148636701376054
8 0.838861762106431 0.43052083845856975 0.07565290977083805 0.2028544696184489
9 0.6493207005581797 0.35291478865875364 0.0629343969421672 0.14240859187519753
9 0.8417699334083882 0.5771904262328948 0.07498159899377518 0.14516216192614123
7 0.8118583446359432 0.17501369835668237 0.060558522070698256 0.14474249324962413
7 0.8623433241932824 0.6931345998528664 0.07017390668608287 0.14502227236730209
11 0.7261450359276209 0.24340914783604156 0.07643526361209697 0.16683174970046638
10 0.7242997733560129 0.18808571390787027 0.05166954873181759 0.10363230190627123
10 0.5827237497551743 0.10226317508105974 0.05168353437300647 0.10483422498319431
10 0.5786441528546138 0.26795369774789557 0.046931784630069265 0.10950202773204762
10 0.7407647538926552 0.3639861518151566 0.049335630783915556 0.10957197251146712
10 0.7431554564706265 0.46618458574332783 0.05658912616902038 0.1133875760804949
10 0.7530662236816041 0.6983655739277403 0.05906290052881037 0.11946713624453