2 0.7995385372634037 0.30267804328799114 0.09032472836324192 0.21322986548890255
6 0.7570808976388264 0.0825163426938461 0.06383819954509753 0.12895539842613912
6 0.8449945536668932 0.5432864213576433 0.07850608319614293 0.13745277097148956
1 0.6769315441452565 0.6732960972435007 0.07319591560572238 0.1614562695904142
1 0.6239399890367139 0.338909748838219 0.06432781300103421 0.14578232150306222
5 0.5497097861212881 0.4310103003912224 0.0727284127127043 0.1866896616218912
4 0.5365051071925901 0.26629789076540905 0.05016240463271693 0.11325348000315777
4 0.7888466667672771 0.8025311990259356 0.06369830998625868 0.12414770611844698
4 0.7143290265339128 0.34784765416973534 0.05624196479675174 0.11569228907654096
4 0.6421843051742809 0.5529219823696006 0.06352344803770976 0.11813809073383133
4 0.5774167354886093 0.6811291743176482 0.06476034350434262 0.119347006394662
4 0.5097737716464775 0.1736099621641842 0.05836603183291991 0.10609088962897105
1 0.6210280319546773 0.15623142631372608 0.06934533964698521 0.15302183030023025
1 0.3860697726205364 0.5478267927665557 0.07514512069334191 0.14584525475822885
11 0.3599309451446916 0.14509865099043603 0.07269344032299453 0.18548773854496814
12 0.20543317772084382 0.08050866975727337 0.06369830998625861 0.12414770611844682
9 0.2686587811875531 0.8079168717324939 0.08620723511361786 0.15432164955185684
9 0.37125636376518967 0.32782592160228075 0.06531990173969873 0.1385777756254311
7 0.38030857705455373 0.43242819221412543 0.06047723704229664 0.13734788221287858
7 0.19777624692920545 0.14776042139370651 0.06429284061132443 0.14458039842613912
8 0.18266860659352277 0.41325256229946594 0.09272857451708813 0.21324385065671733
10 0.42906081480795566 0.08421313651789561 0.048995453945503635 0.11444841049617345
10 0.4374228290392515 0.24769565273115626 0.053838118642905726 0.11567830390872616
10 0.2872431404671595 0.16630671875670014 0.05493512455069945 0.11207952726186426
10 0.27909298312892006 0.3405086464875649 0.05627693718646159 0.11689421215346403
10 0.2808986855670359 0.44386703851904213 0.05871575573001746 0.11811012039820189
10 0.2781378893347632 0.6793880209247061 0.06366333759654882 0.12294578304152391