2 0.18106573386805533 0.2775331507818618 0.09288779752094033 0.2216643047790862
6 0.22461873509487176 0.05900691346689856 0.0651856067333334 0.1157482297478001
6 0.1355834577407047 0.5273023955129177 0.08022413519946593 0.1422744484469965
1 0.3115088132765486 0.6641615982074277 0.0748019962877672 0.1674798701428442
1 0.36403678732270267 0.31826647765815524 0.06599688376736114 0.15060399897856933
5 0.4423556029355766 0.413686903856874 0.07421552475389973 0.1939151852512446
4 0.4547415244337604 0.2430627750211489 0.051992427957318524 0.11687323440174179
4 0.1953948361902237 0.7981196799355169 0.06549333250486128 0.12896938359395393
4 0.2700909618317305 0.3261345176518397 0.058085968552350556 0.12051396655204791
4 0.3468421685777774 0.5405523210498505 0.06535345715416668 0.12295976820933856
4 0.4146503973308221 0.6743783450388486 0.06658335530122873 0.12416868387016897
4 0.48221991466025627 0.1470557731293581 0.06026601414508548 0.11091256710447822
1 0.3660530022508012 0.12834864633649434 0.07220232464294878 0.15905242343656786
1 0.6137809919352559 0.5372969823696006 0.07804408960673087 0.15187584789456648
11 0.6367374701897435 0.11910467002335125 0.07538947276068396 0.1927202547582288
12 0.7967341197102564 0.062335383406820134 0.06638752981025647 0.11575522233170749
9 0.7360643953146361 0.8096798042323077 0.08785529971308775 0.16034525010428716
9 0.6275097168001066 0.3089805458415678 0.06703095642345093 0.14339945310093832
7 0.6189543700328523 0.41832058292203084 0.06099336596869657 0.14216256710447822
7 0.8073266219024038 0.12370338616897102 0.06596890869722216 0.14940207590164625
8 0.8237288942319976 0.40027855295551934 0.09529164367478661 0.22167828994690097
10 0.5647909409342414 0.059783891635769186 0.04947668152291676 0.11205155692623468
10 0.5585265351012285 0.22563529108333905 0.054480199321581324 0.1204929888003258
10 0.7131290207801815 0.1423887338549632 0.056772145194871865 0.11569928166044831
10 0.7233278621122861 0.3239630294772366 0.058085968552350556 0.12051396655204805
10 0.722040003946848 0.4309411759072978 0.060545764846474656 0.12293179787370899
10 0.727150397330822 0.676196416854772 0.0654653574347223 0.12776746051703086