9 0.2507953612324792 0.6607007422292658 0.07471807107735054 0.16552490945441398
2 0.7775943102632481 0.33010960949626045 0.08894632744850438 0.20917883651045208
6 0.5704119201540598 0.09827270956348322 0.06202743862478636 0.13632903171116256
1 0.5078310097607908 0.2477915358217544 0.06236313946645321 0.1507521086342395
4 0.41771374912264975 0.19472280975246334 0.054200448620192423 0.10967688968059633
4 0.6932928493968487 0.37209772367302174 0.0495606067333334 0.1167485385832958
4 0.6173239396756416 0.5656680351009297 0.0581698937627672 0.12540680684972555
4 0.5542394780198724 0.6935522459745855 0.05925991655913466 0.12063408693174302
9 0.4624457230514963 0.6716635751258748 0.07580809387371801 0.16075218953643144
7 0.4452511043065709 0.4489580819980081 0.06499078618141045 0.16043743802904367
8 0.15977787365464768 0.31093187810852346 0.08187466433766044 0.2149786175568089
12 0.4297029949436432 0.09057517073667268 0.05953966726052356 0.13265331770097386
11 0.3412372683827459 0.1600676261238257 0.06432038943712634 0.18323900410087235
10 0.26836756181266036 0.17716507958229988 0.055486296907532144 0.11331763130107533
10 0.25808479527013917 0.3546300262903982 0.06392773351613258 0.11476436110596676
10 0.349179173485043 0.34647062021603187 0.059231941488995826 0.11943216385481993
10 0.36296384849017144 0.577484657713231 0.06068564019716897 0.1302844439368374