11 0.6435134143537861 0.11625981632231173 0.08351269328149567 0.18959700411300653
7 0.8129425961212238 0.1154897639916135 0.07114241867669445 0.14499997949615342
12 0.8006181231339492 0.0601279602041982 0.07179870473030875 0.1202559204083964
8 0.8265071347253273 0.277525609117208 0.0892437713209408 0.21609525437006943
9 0.7353516935787012 0.7891960409220327 0.096230182183057 0.17532776924300628
10 0.7174030639422763 0.13342155272245207 0.06686509618646852 0.1257272533418178
10 0.7267322521348697 0.3135282009254592 0.0630074944834029 0.11847375795671301
10 0.7218367861309349 0.4193114173358787 0.06682312410775254 0.12452533026489476
10 0.6151403400911406 0.5503078891446194 0.0690590819467344 0.11974560923957994
2 0.193345505659162 0.27768450356216906 0.09624544938889912 0.2101695528325869
1 0.37742672148790957 0.1325717968711912 0.06766256568207328 0.14856379180335627
3 0.7325624905881896 0.628236248102662 0.0853289303333171 0.17279805231846104
3 0.6281707302883669 0.4179984511947593 0.0769574408735718 0.17390207590706253
6 0.40895908837189016 0.057886422538322865 0.06669720787160435 0.11577284507664573
6 0.4621412868969286 0.3214127342946883 0.0722603975961853 0.14261011898349615
4 0.568853000142565 0.15557447889636722 0.05708182325621973 0.12080767590461505
4 0.28189479743718315 0.3223086573960857 0.05471994918108955 0.12198162769916052
4 0.41428944047002825 0.6595726881457369 0.06707495658004867 0.13173686872643323
4 0.35760829220571605 0.5280744173848275 0.06471308250491849 0.13291082052097855