9 0.24927526057115343 0.849087913798801 0.10118987027205083 0.17587471425370346
7 0.4554922832282698 0.46599483941318975 0.07587954087724678 0.17273644791595244
11 0.34812154871371936 0.16024248807237446 0.07187621353287878 0.20024078912634422
8 0.15583235387828084 0.32037240077535933 0.09233101640348942 0.242867655054008
12 0.1804026274437177 0.09171437521550524 0.07023251121652031 0.1437504045109596
10 0.2695290458207011 0.18317469496691527 0.061154574273573396 0.12066905932145286
10 0.2543072395797622 0.36166670280338786 0.06472537111463285 0.11957205341365906
10 0.262192502181913 0.4675758231314577 0.06960300820174471 0.12211578912634422
10 0.36816795419873777 0.6015580916414022 0.07355850132961149 0.1342399370647042
2 0.8059328489348265 0.33448477130064436 0.10170159429090585 0.23473397263322446
6 0.587819578130931 0.102368092250189 0.061679160119219714 0.13869790547529898
6 0.35784748614369566 0.3706839437030422 0.07160929624199223 0.14979499228528476
3 0.35717939764854584 0.4715405649954514 0.07803858030312459 0.16439293115691045
3 0.25300242188850786 0.688275028219077 0.07598445804637599 0.17634221714672166
1 0.523961290577713 0.2602304352675022 0.06979998071321183 0.1701577398135575
4 0.42245305570760994 0.19723157307543873 0.05871575573001746 0.11939719146511028
4 0.7171875137539859 0.3799387651493358 0.05861083856088811 0.11579142223434093
4 0.6404449344249201 0.5902660548747474 0.06514503979114995 0.133995130336736
4 0.5771590669338497 0.7265287548971548 0.06620707330923391 0.12922241041875346