5 0.18509615384615385 0.2772693269218095 0.07932692307692307 0.1756635027467096
2 0.1778846153846154 0.35526844904973104 0.0829326923076923 0.20457259552890258
1 0.20673076923076922 0.18990657592266036 0.055288461538461536 0.13918621753208896
1 0.1622596153846154 0.49321686750638144 0.06370192307692307 0.13933307504951387
3 0.22355769230769232 0.10726759864981787 0.06009615384615385 0.1284528284211669
3 0.13822115384615385 0.6165953515225302 0.078125 0.13357521540905554
6 0.2283653846153846 0.04605344030812661 0.054086538461538464 0.08507869942520409
6 0.12259615384615384 0.7449283853637959 0.07451923076923077 0.13351227647301628
4 0.23197115384615385 0.7492413792441659 0.054086538461538464 0.11031908404058846
4 0.24759615384615385 0.619706422325977 0.055288461538461536 0.10553237137824294
4 0.2608173076923077 0.5081583522709413 0.054086538461538464 0.10430946865597335
4 0.27403846153846156 0.3954083591389827 0.046875 0.10298166770697173
4 0.28966346153846156 0.29231570991310146 0.046875 0.10298166770697173
4 0.3016826923076923 0.20598704482810412 0.04807692307692308 0.10180072427539504
4 0.31009615384615385 0.11839351773014438 0.04447115384615385 0.09933393918550969
4 0.31490384615384615 0.04275628246537621 0.040865384615384616 0.07523253871100889
11 0.8209134615384616 0.26913679007929403 0.06850961538461539 0.18028237824628413
8 0.8377403846153846 0.3619785820372207 0.07211538461538461 0.20798954795155417
7 0.8185096153846154 0.1897679077116781 0.054086538461538464 0.1391652378867425
7 0.8533653846153846 0.49686670204210875 0.06370192307692307 0.14894845966489847
9 0.8112980769230769 0.10911318368575344 0.06009615384615385 0.13205859765193614
9 0.8557692307692307 0.6387355844097247 0.07091346153846154 0.14306472215236163
12 0.7992788461538461 0.05000915646305853 0.055288461538461536 0.07308044830131973
12 0.8737980769230769 0.7736656637053054 0.07692307692307693 0.1467753896098629
10 0.7211538461538461 0.04624163336169537 0.04807692307692308 0.06814687812154892
10 0.7223557692307693 0.1183779976224264 0.04807692307692308 0.09819495504462585
10 0.7235576923076923 0.20974513111392667 0.046875 0.10418359078389482
10 0.7283653846153846 0.29877135738762 0.054086538461538464 0.10551139173289642
10 0.7307692307692307 0.4081883166783129 0.057692307692307696 0.10918009989970492
10 0.7403846153846154 0.5177311538410841 0.057692307692307696 0.10677625374585877
10 0.7415865384615384 0.6271271334864306 0.055288461538461536 0.11514775599362756
10 0.7512019230769231 0.7571026629568943 0.055288461538461536 0.12115737137824294