5 0.7894737152083235 0.2817425924130571 0.08061728840551953 0.16959094842605496
2 0.793315042430934 0.3561569249555558 0.0861943732868265 0.1961171746997483
1 0.7715240625700237 0.19676270792240774 0.057968473719321276 0.13435754557905027
1 0.806295002639784 0.4880747483822444 0.06518001218085974 0.1344834234511288
3 0.7570402896036542 0.11652757680341137 0.06125949144270274 0.12360317682278178
3 0.8256692745200568 0.6066665197360472 0.07822630407846468 0.128704584165324
6 0.7542959682888374 0.04951161089161281 0.0535583395252276 0.09902322178322562
6 0.8364901953030289 0.7302128409149671 0.07462053484769572 0.1286416452292847
4 0.7306160473646689 0.735664818936221 0.05596218567907375 0.10669233516447299
4 0.7186631482841932 0.6097356312488013 0.0558222961202349 0.10188464285678069
4 0.7097564601991306 0.5029742738561116 0.05458540065360204 0.10066174013451136
4 0.6996828214268547 0.3950319730318452 0.048540812879276876 0.099354918830856
4 0.6893993483163202 0.2943012106691173 0.048540812879276876 0.09935491883085613
4 0.6797932124370626 0.21157831481488912 0.04970776356649017 0.09817397539927943
4 0.6738278181782837 0.12759055694769866 0.04603204955630137 0.09570719030939404
4 0.6703362148527707 0.04599196350747714 0.04260114227408106 0.09198392701495428
11 0.17825442728983334 0.2731904626636133 0.06990489788234104 0.17300790084870646
8 0.1588395473743884 0.36242648539077077 0.07431503207643472 0.20071507055397644
7 0.18289650638510382 0.19622542644984356 0.05556462756547512 0.13431558628835738
7 0.14063945236265799 0.49248593344262015 0.06542481890882801 0.14289688498959036
9 0.19234627778806657 0.11917647165468814 0.06132943622212217 0.12600702297662794
9 0.13428372617160955 0.6283452004256206 0.07246149542181769 0.13701314747705348
12 0.20526192886295955 0.048907295829788075 0.05582229612023477 0.09781459165957615
12 0.11367978500603296 0.7584466077681628 0.07740907728834899 0.1419047583661313
10 0.27981613202190003 0.045220649663721885 0.04833097854101825 0.09044129932744377
10 0.2773680647422172 0.12850422452740035 0.04956787400765111 0.09336628309158712
10 0.27361315721648205 0.21626558878813137 0.047373862192063514 0.10053586226243276
10 0.26632242523939714 0.3016860458310555 0.05462037304331169 0.10186366321143431
10 0.26087598118080235 0.406295312814056 0.05949801013042349 0.1043514279466661
10 0.24818302627095934 0.512232380746058 0.0582611146637907 0.10312852522439665
10 0.24514042836621067 0.6167996884383657 0.056102075237912816 0.1115000274721653
10 0.2306859921440885 0.7419885052464836 0.05624196479675188 0.1163077197798576