2 0.23401735372248955 0.29711444003083776 0.07899524199145312 0.19317480206139812
5 0.21481656943995758 0.401430006181747 0.07851966579909203 0.1727421097537058
3 0.19279331789054532 0.539357461562936 0.07387881897318384 0.1282289989839856
3 0.23510637157980788 0.24065202669783076 0.06775730330801291 0.1233513784703493
1 0.187121413225695 0.6570480236130758 0.07063672565422016 0.14381204206041923
1 0.2593945988714211 0.1484116338809075 0.05375385243701934 0.14121239692992973
6 0.2721111965160257 0.07526215388286545 0.05803001841207275 0.1184318010331465
6 0.16498626139572714 0.7901677866865726 0.08369002907954072 0.13675434565195735
4 0.271957415241881 0.791412508752376 0.06026601414508562 0.11124823385398568
4 0.2890610742030454 0.6486214184987396 0.056660244914316316 0.11120627693041904
4 0.3107216547797013 0.5467376697840541 0.055318446486698855 0.10518267590461505
4 0.3115858671368593 0.4289911651691589 0.05165672711565182 0.10273687282720254
4 0.32757253317056656 0.3414605651716064 0.06009816372425219 0.10403669539244721
4 0.32818597483552375 0.26456545953090704 0.05168470218579065 0.10393879590412555
4 0.34889640796650656 0.1734850328673405 0.05039885389845093 0.1003190410321675
4 0.347972225712874 0.08215286466237547 0.04447316372425219 0.10385488205699275
11 0.8392001129578529 0.33059152524111374 0.07385184884209431 0.17869578257356594
8 0.8579293408042203 0.41251809344852614 0.08153896349599367 0.19921238872839112
9 0.844481371579808 0.24774274678055422 0.06417950914738259 0.12451134462370589
9 0.8647802181711008 0.5519831272951694 0.08257203121303455 0.14034612924153797
7 0.8276804136949253 0.14541145754782703 0.06348113733295964 0.14613197436713246
7 0.885634546408975 0.6735871426822323 0.07312449701848323 0.14744578257356594
12 0.8155762527762287 0.08999712523866624 0.06046183963605774 0.11966169539244718
12 0.8950850954206738 0.8214936093497147 0.08142605827638888 0.14273598975419552
10 0.7422589450839211 0.08914400112614923 0.052830675122435784 0.1015489353914682
10 0.7368937612515493 0.16838701035593948 0.051768627396207294 0.10754456513489477
10 0.7521570952178421 0.2562812370244009 0.05414449847991475 0.10637061334034925
10 0.7565751464216882 0.34284766984524 0.056520369563621935 0.10519666154580393
10 0.7576671790961542 0.4413913765117436 0.06029398921522445 0.11245015693090875
10 0.7880020412939643 0.8154411949762189 0.06510168152291676 0.112506099495664
10 0.7787193427030987 0.6747462667702749 0.0628656857899039 0.1196896666748247
10 0.5850398670195518 0.5619456267443321 0.056772145194871865 0.11601396923811148