2 0.7984721828151418 0.31192348900555716 0.07914083603761941 0.1972351791952856
5 0.8231759097125112 0.419293256113293 0.07876320242138408 0.1756005638106702
3 0.8508709128334264 0.5603588286655676 0.07438118631279741 0.13106647102847724
3 0.7950822933300141 0.2553911450994798 0.06826667270145001 0.12495195741712976
1 0.8613613592611832 0.6794960707983771 0.07104815247153176 0.14662853209243784
1 0.7669825936553395 0.15997766982493555 0.054179270103915655 0.143930970903742
6 0.7500568556438617 0.08518570366620139 0.0573654464277568 0.11995544830131973
6 0.8889724438007126 0.8157539510429597 0.08414342844560707 0.1396477697297102
4 0.7808203465229823 0.8150677060387053 0.06086631743179374 0.11400877185274375
4 0.7578281374830271 0.6680764366832008 0.05726054820102451 0.11394583291670447
4 0.7307835033678509 0.5642704795155415 0.05475180382044634 0.1078942582413962
4 0.72507976960244 0.4440152328871946 0.05228501873056091 0.10424652971993408
4 0.7042965066160362 0.35473725086934427 0.059517536837445886 0.10557433066893569
4 0.701730906591596 0.2765912712239978 0.05230599837590743 0.10544845279685716
4 0.6772579557930372 0.18244265796241596 0.049860192931368244 0.10300264735231811
4 0.6744615796697864 0.09107552447091567 0.045094459914368966 0.10532257492477862
11 0.18475104270507062 0.3276451979258467 0.07406040834042386 0.1815262606139001
8 0.1693926948023966 0.4114860982756122 0.0816495804181978 0.203286753870594
9 0.17607092906928307 0.2433847046691528 0.06470286276137359 0.12729286463493672
9 0.16824154407715797 0.552048159339573 0.08300444430472319 0.14323255931513293
7 0.18991265921483777 0.14149397852019463 0.06387857330068605 0.14890650037420566
7 0.15237360139399259 0.6755315415824537 0.07351493756141704 0.1502762606139001
12 0.19972294393051754 0.0839904876360047 0.06101317494921872 0.12242223339120512
12 0.14898644167767913 0.8256670279711062 0.08184448051849294 0.14561542582363257
10 0.27304025162282525 0.08527024600213602 0.05228501873056091 0.10424652971993408
10 0.2816574263225735 0.16592497002806067 0.052368937311946626 0.1090542220276264
10 0.2700097458774008 0.2558384246984809 0.05475180382044634 0.10789425824139606
10 0.269137413833843 0.3435368500231727 0.05713467032894611 0.10673429445516588
10 0.27210162711986496 0.44451936813005755 0.06088729707714025 0.11521069492966668
10 0.2582775230962935 0.8227684833899377 0.06567400973948612 0.11409269043412926
10 0.26058863760776235 0.6798235558174773 0.06339604145771843 0.12126226960497469
10 0.45214714597516104 0.571422432564404 0.05734446678241029 0.11875352522439651