6 0.5760629114638739 0.04449548701486345 0.05941263861071373 0.0889909740297269
6 0.8298344118431492 0.7136586532275474 0.08064255744156987 0.14559444617828632
2 0.7836003440333476 0.33357214223817433 0.08536024787569883 0.20935930819124854
5 0.5843267857160963 0.2541430507033334 0.07524135177200036 0.18034531718232338
4 0.6555008160597063 0.10030298014935696 0.04872120879048444 0.10658743693774096
4 0.6672114354409183 0.1866106655890079 0.05002803009413981 0.11261803196770273
4 0.6869010271004945 0.36650051386588756 0.05734446678241029 0.11875352522439665
4 0.6044630332201246 0.4772811501040974 0.05485670204717849 0.11390387362601145
4 0.49998237387801675 0.26763085664681324 0.05844149163260121 0.11276488948512764
4 0.5052963074428373 0.03665896572342833 0.04950353896047929 0.07331793144685667
3 0.5799684790216703 0.09080739011387343 0.05411633116787639 0.1403252016729728
3 0.41537130994261123 0.36523229832956206 0.07465392170230085 0.14669147102847724
11 0.33664671328855683 0.26327254995238725 0.07762421828050027 0.17918535339609315
12 0.18079805631895288 0.0380465080237432 0.06266175387059388 0.0760930160474864
12 0.2190896516034548 0.733931697678911 0.0758138854885311 0.14430860451997773
8 0.1335068169353878 0.33650866883212355 0.08529730893965984 0.2057535389604793
7 0.11922178446874415 0.46652615759328 0.08064255744156983 0.14559444617828632
9 0.3444815578183103 0.1586003440333475 0.06497559815087711 0.14291786463493666
9 0.12665528596810158 0.5913583204305086 0.08435322489907118 0.15166700049894083
10 0.41591069742944065 0.2654936625902931 0.05361281967956252 0.11147904782681892
10 0.2613688617634919 0.034882149726089495 0.049356681443054384 0.06976429945217899
10 0.25996930881745944 0.18170353459221195 0.052473835538678716 0.11506383741224177
10 0.22869286963448465 0.5967865890376018 0.06350093968445059 0.12727188498959036
10 0.41639385302695714 0.7196737281497912 0.06584184690225733 0.12370807504951387