2 0.7977026429840509 0.296875 0.09132790396962175 0.20552884615384615
6 0.2706905313440267 0.054086538461538464 0.06198432192733124 0.10817307692307693
8 0.15838446428770592 0.29086538461538464 0.08795291083766293 0.21875
12 0.44261084415808266 0.3269230769230769 0.05517139672737469 0.1310096153846154
7 0.44453824176113876 0.4230769230769231 0.0662824194545322 0.14783653846153846
10 0.35204429071310944 0.5576923076923077 0.06211019979940971 0.11538461538461539
10 0.27268086788312196 0.1466346153846154 0.054898661337871246 0.11538461538461539
10 0.25635472652569863 0.3245192307692308 0.058546389859333296 0.11778846153846154
4 0.34579173264532864 0.4338942307692308 0.058462471277947584 0.11298076923076923
4 0.6024246540981592 0.3293269230769231 0.050069989384832564 0.1141826923076923
4 0.5460486045250471 0.6670673076923077 0.0574283853637958 0.12259615384615384