5 0.6299721759471004 0.2957651848109052 0.08131390609265501 0.1840559846398247
2 0.834439873249271 0.37623382179752635 0.0974843768716619 0.2155787200293281
6 0.8963369230718534 0.7558046547142306 0.08458400099788167 0.16488815434509482
6 0.6137989753992794 0.05757461912667184 0.0581058173070585 0.09353412025435845
3 0.6209205119872548 0.12138144043032699 0.06972035152253014 0.1393960139855531
3 0.46827292769466095 0.39387349150533113 0.07353591720676342 0.15147818369082316
4 0.7016591545945651 0.1348063074377676 0.051167014235023615 0.10903324238227995
4 0.7152308791194307 0.2239584115835394 0.05125093281640913 0.11384093468997232
4 0.7424792263958937 0.4082722352596985 0.05508747814598891 0.1271250274721653
4 0.6650404714001481 0.515060655589912 0.062173138735449114 0.12003936688270536
4 0.5446985764216012 0.29788139922207896 0.05603764547875519 0.11272293019443481
4 0.5453103396600104 0.05758070241884924 0.054542007366982295 0.09587502747216536
11 0.37990923701106116 0.2877956493480816 0.08129292644730877 0.18285406156290163
7 0.2709267669804657 0.3772116758223652 0.07252281093795815 0.16227451173778434
12 0.3815848788699602 0.17728166520719776 0.0662614398091857 0.1477465365879754
12 0.1764810851606708 0.6110682679808822 0.08458400099788174 0.16488815434509482
8 0.174542144727809 0.3623121503484982 0.089154833914586 0.22023955481959548
12 0.20866697989481686 0.04569678633723755 0.07118011363578756 0.08535143481470747
12 0.2704287150297801 0.7617011825656713 0.08437420454441756 0.15286892357586404
10 0.29159967220250915 0.047144381866140214 0.05433221091351798 0.08385579670293458
10 0.2813001485971355 0.6273165740490974 0.06225705731683462 0.12484705919039768
10 0.3003786007728514 0.20590312624671844 0.06219411838079542 0.12124128995962845
10 0.4593620379600628 0.29639184440248345 0.05607960476944795 0.11512677634828104
10 0.47827748875608683 0.7605229689029088 0.06356387862048972 0.1308776542203593