5 0.4055803146551886 0.29337774763748503 0.07431724719106565 0.17272812411251706
2 0.21489410045886326 0.36771684920188946 0.08890814612792014 0.2017421056529365
6 0.16527422040385348 0.7228855394653156 0.07660921200239337 0.15352532616412545
6 0.41622200639466195 0.05645904507175085 0.053534925688003415 0.11239421436615352
3 0.4106389386283978 0.12984628097000256 0.063255199061999 0.13053494564951013
3 0.5599718900461195 0.38533758556531816 0.06813281720876538 0.14261011898349615
4 0.33498771062131794 0.14274660713412796 0.04626045397129835 0.10149299282671304
4 0.3246528912186208 0.22580517021251947 0.047490347383851134 0.10631467077559414
4 0.3028162922558402 0.3979458973951068 0.0511660424536943 0.11837585846839128
4 0.3779229000732925 0.4980403261029394 0.05714069491877265 0.11243617128971987
4 0.48613013856075693 0.2960464789086044 0.052298039691543306 0.10637061334034932
4 0.4799518998072146 0.06052549839643657 0.049901186121604615 0.1075445651348948
11 0.6399343369034665 0.2870447783748991 0.07430326202325087 0.17032427795867092
7 0.7437961949762764 0.37117855169420044 0.06698683480310144 0.1522115179576919
12 0.6369221359496766 0.182505441964969 0.06089330841159734 0.13771851282867098
12 0.8388328304152376 0.5912415178353199 0.07661620458630071 0.15472724924104853
8 0.8338704999064331 0.35811039783580934 0.08172457800201126 0.20646588411349606
12 0.7959947357828171 0.05085501328161077 0.06795101002717274 0.10171002656322153
12 0.7531125011939417 0.7328734840009138 0.07775519440805731 0.14392392718992944
10 0.717883720950632 0.05005517738886579 0.04986622320206745 0.10011035477773159
10 0.7403520565305267 0.6056094942589556 0.05716866525440222 0.11724386359741218
10 0.712811111809608 0.21047050041622822 0.05714768750267997 0.11363809436664302
10 0.5666589847146031 0.2951094409489546 0.05230503227545077 0.1075725364172724
10 0.5583729923967736 0.7303314655658076 0.05840555125086219 0.12326746462321644