3 0.4278765758722219 0.41855231185426306 0.07063672565422016 0.14381204206041923
4 0.5153442443595619 0.06971574878810866 0.05188052767676291 0.1123522574425871
6 0.8401571317536318 0.7840242093472674 0.09243919145966882 0.15127532206335614
2 0.8078221336525103 0.5203555149830718 0.09749966433766051 0.2138172789869225
5 0.5950857687933223 0.3110933446971291 0.07178370352991473 0.1930908882142654
4 0.6956256713246791 0.433690340608597 0.055486296907532144 0.11239421436615352
4 0.6783271918115917 0.24714052214412163 0.04944870645277778 0.11112236308328646
4 0.507009683336271 0.32449546981342337 0.055430346767254335 0.10999036821230736
4 0.6150668402225958 0.5373485816236324 0.05797406827179494 0.11602795487930037
12 0.6290382962672537 0.7635338903441917 0.0816498588375001 0.15235137436958013
12 0.18850509264690166 0.06230588515398482 0.06649943009081209 0.1209335466753143
11 0.34382789557612153 0.31057419184251533 0.066808160801389 0.1858234071879717
8 0.24451387143563 0.3935759702908376 0.08176276405710489 0.20882777334377572
7 0.4191793438761747 0.6372603549306965 0.06845668006148523 0.1533994553934261
9 0.502792482318643 0.1441091087866402 0.05976346782163479 0.1412823251358738
9 0.3340406407837068 0.5244605569700678 0.07200649915197666 0.15103756616314643
10 0.4217850451552882 0.31869479698132597 0.054256398760470094 0.11117830564804156
10 0.2667419929274572 0.058407259523564764 0.054228423690331255 0.10997638257111857
10 0.266403277268643 0.22792037029328502 0.05196445288717955 0.11595802667335632
10 0.2301976700978627 0.6470838400332852 0.06417950914738259 0.12451134462370589