9 0.44547485426972433 0.6442673321563456 0.07284348002251634 0.16792875560826012
8 0.15272561842042148 0.29833820472234723 0.0829903190030756 0.21388161164901517
11 0.34092574254517566 0.12945594585579684 0.06584172617880996 0.1857477674238478
7 0.43363912096657614 0.42233123160209335 0.07143177232776132 0.1498649370647042
12 0.42250266972286804 0.14029897720168735 0.06401044924839092 0.13162625657259955
10 0.43730167482741467 0.31408820989959696 0.05774909232237695 0.10981677923943532
10 0.26731473638790315 0.15682964624347648 0.0674903477084608 0.12091386604942113
10 0.25086374149244967 0.3315281610738397 0.05541517437447478 0.11575644984463128
10 0.3443183588968567 0.5607015237432132 0.0580008338637754 0.1314513946240507
6 0.264841804093427 0.06361488973661533 0.06645625232580336 0.12722977947323066
3 0.23396436401364043 0.6480186265914162 0.08247285027908983 0.16941045780286146
1 0.5081320645840575 0.21590596514258503 0.053430897456292786 0.151744197372904
2 0.7765656522670649 0.27658176523221534 0.08774206874601266 0.20921380890016186
4 0.689537693286995 0.3211670849836254 0.051837376426083034 0.11805537882934822
4 0.5378411178573468 0.6571994581486945 0.0555830020687405 0.13017952676770833
4 0.6078332112079755 0.5278021857813923 0.055513073862796386 0.12416991138309282