5 0.8511094533246264 0.42926110267831635 0.0848370069552353 0.18603319180580377
2 0.8245252604035259 0.3196063898545404 0.08380293429914551 0.19323074462615336
3 0.8194647875255344 0.257064432930974 0.07390679404332282 0.12943092206090867
3 0.8797068463566778 0.5737855703740505 0.08472410173563051 0.12955679283160776
1 0.7932162954461006 0.16183279703027478 0.057443546878205284 0.1448601230842654
1 0.8897438669022442 0.6952637149904142 0.07298462166778864 0.14143616718895055
6 0.7709372485092415 0.08226811805314203 0.059567642330662536 0.13286886359741226
6 0.9206332058075861 0.8350084616608335 0.08371800414967968 0.1379562687288807
4 0.810084257800802 0.8349237057483868 0.06647145502067311 0.11973162359839105
4 0.7825489124949793 0.684403608309226 0.07007722425144235 0.11977358052195769
4 0.7523309752729705 0.5735050154849604 0.06143996215186986 0.11006029641825134
4 0.7471296221052355 0.4532847365102751 0.057750267710683985 0.10641257026391575
4 0.735416107229434 0.3630286206115339 0.05411652340977578 0.10516869026342618
4 0.7250723658513891 0.27999802881552 0.05294257540299167 0.10635662769916052
4 0.7035756159393697 0.18241848932572988 0.04684903480795937 0.1026809302624473
4 0.6966697933712608 0.09221831599174392 0.04693296001837629 0.1062866994932165
11 0.19281727320448747 0.333884557973845 0.07273385097558774 0.18228756616314643
8 0.17803253024770335 0.4214291436125863 0.08176276405710489 0.20882777334377572
9 0.18482142784001088 0.24847809130636248 0.07136307253878221 0.12339333539391567
9 0.17906961772094065 0.5692377107917472 0.07418654474471165 0.14145015283013945
7 0.19812449701848303 0.14890028925720158 0.06104931610897451 0.1449020800078318
7 0.1652080520787399 0.69644575796895 0.0743823702356839 0.149863614368601
12 0.2073752007830129 0.0817184677202085 0.06065766512703 0.12807515693090876
12 0.15668570507687038 0.8465462861724468 0.0791061373329595 0.146313787702587
10 0.2819783567626603 0.08619134670468356 0.05051075417900648 0.10512673333985985
10 0.28997420212713687 0.17159781337216604 0.05056670431928429 0.10753057949370597
10 0.2776772305346156 0.26277613952405426 0.05059467938942319 0.10873250257062904
10 0.2832972048153849 0.3493565579860822 0.05649239449348303 0.10399473846888085
10 0.28338313990389996 0.4562997405498584 0.057890143061378296 0.112422185648531
10 0.2789411333861116 0.5752062113181102 0.057946093201656106 0.11482603180237728
10 0.2723190812755882 0.7037000954193691 0.06163578764284198 0.11847375795671301
10 0.2696664743076396 0.8478609364441941 0.07119522211794879 0.11618179693237735