11 0.3533522410395099 0.11241037172341967 0.076784904641817 0.19687982662354328
8 0.1642472605640536 0.38205517398524347 0.09284345951866992 0.23459408307438545
12 0.1977447384688808 0.059822010373938236 0.06736447693776157 0.11009655835711342
7 0.18628493334720217 0.10754920955376378 0.0691677825858032 0.16181422305451548
7 0.3652201559516059 0.409530178451388 0.07759522976545355 0.16326095285940695
9 0.24462563292607906 0.7844988191523427 0.09472983694853031 0.19019287400765103
10 0.426068166160699 0.06286099518802239 0.05405940924447487 0.10250032360876767
10 0.27784087181118805 0.12823595732555126 0.06278055488909008 0.12918743802904367
10 0.2655995549135645 0.3153162886490342 0.06159261745335588 0.13035438871625699
10 0.2655724256965009 0.41624285472086286 0.07122198770992924 0.13183609091085804
10 0.37288007699650016 0.5515319634768598 0.060418665658810294 0.13272326248039334
2 0.8035296390099285 0.2853108423159274 0.0889859487465021 0.21285455052064078
1 0.617901188733286 0.1309216051518734 0.054688763097971105 0.15658686207030614
3 0.46081794471915605 0.7775726954539446 0.08139679797286611 0.18019279310545938
3 0.451924761053705 0.21981044298221752 0.0785733825833558 0.14406515601834735
6 0.5883277815453144 0.06758226779883927 0.06486273129559368 0.1016131520392324
6 0.5444185795426548 0.42435644913352605 0.070173906686083 0.14502227236730209
4 0.7806133970278274 0.7940868895782779 0.06519838668412511 0.13045930588538632
4 0.4282770554032159 0.1494344291161937 0.057777063604754576 0.11222062539328154
4 0.5075200646330061 0.14453106837549903 0.0565751405278315 0.11218565300357179
4 0.712714939528949 0.328326017621063 0.053039299503006114 0.11809035121905787
4 0.634605609300766 0.5339155598182017 0.06039069437643281 0.1303194163265472
4 0.566432491369996 0.6640986996765743 0.06634436719629296 0.1256865859674035