11 0.649457215217756 0.15732227920076386 0.07320622770493876 0.1900183247229626
8 0.8330150006042822 0.4282090562461114 0.0878390821452376 0.22657968197524744
12 0.7988592911194023 0.10002681696155316 0.06447809989064432 0.1356379817104118
7 0.8105149075254483 0.16294653774871362 0.06579889689399301 0.15611264609682018
7 0.6393865112932411 0.4418842438805208 0.07421935101636215 0.1576083737247555
9 0.7586549965546227 0.8115080392154564 0.08999119527841734 0.18339439536344862
10 0.5789003754585718 0.0935478496334404 0.049950134208956436 0.11710547061197317
10 0.7226766267353602 0.17670949907936556 0.05960747432778554 0.12465278570323998
10 0.7348488929954043 0.3574596534837035 0.05841254383476979 0.12581273670144702
10 0.7354844167758281 0.4548573947931889 0.06803492103406174 0.12735043640809843
10 0.633774671836198 0.5799375094118104 0.057224605925661365 0.12817461077657719
2 0.21707177986222442 0.2961004567878583 0.08411443898804262 0.20602107343140694
1 0.39459358223880453 0.15803958312834737 0.05254977271220973 0.1508432609232514
3 0.5495972995929888 0.7909837436727112 0.07792301642183488 0.1745612130378268
3 0.5551198381695346 0.2550099955224509 0.0753093927507668 0.13841957657270237
6 0.4226853383781088 0.08208186401573944 0.06084436032424552 0.1307043731665714
6 0.4662536475450588 0.4454556491607952 0.06690991638012005 0.14052961817553616
4 0.24065412073640624 0.7886103809811498 0.062018313065538885 0.12593865293759493
4 0.5771460382529642 0.1884578006316474 0.05470887842929692 0.10885989738837573
4 0.5002719094172391 0.17735812605535914 0.05350695535237385 0.10881792530965975
4 0.3033585083800196 0.34239167722464414 0.04992915645723418 0.11349970138120387
4 0.38031574686748415 0.5458410161873407 0.05721062075784671 0.12577076462273104
4 0.4468822252809922 0.6755952987492854 0.06319925839073985 0.12237485578554196