5 0.4795237494785645 0.4262813190397872 0.07195535654066386 0.1799116912916779
2 0.22424835540422586 0.29710045438964894 0.08297544916628616 0.21489333129314636
6 0.20538739176539933 0.4399195159256631 0.07291253918082798 0.13785836924055908
4 0.2501995795127169 0.795032263624334 0.06681202020541648 0.12216344103461498
4 0.31291795232414504 0.3450103918376204 0.05233300261108034 0.11238022872496464
4 0.486484356274586 0.2628897087841927 0.049978104544586004 0.1207657189810487
4 0.4552397461481945 0.6748136687802769 0.0608303751564306 0.12690120513636316
4 0.3910910990563474 0.5442507518483891 0.059579503992155836 0.11847375795671301
4 0.5110682393578246 0.16941942160796883 0.053548910855818206 0.11479806051999966
6 0.4298409361683881 0.08192993646866863 0.057224605925661365 0.12685924821279687
1 0.40056124211997546 0.15611351184936814 0.05496760403387067 0.15207166154580387
1 0.650706483671732 0.5472716503451707 0.08139592655836371 0.14997549949811145
9 0.6519931191106934 0.3261178041913245 0.06329715456544321 0.13774648411104862
9 0.7645876935162567 0.8070277334377575 0.08623858178559264 0.1560410574474821
12 0.8096276507243582 0.08995516831509984 0.06326219164590632 0.13173686872643314
11 0.6602185822388046 0.15192287188461126 0.0719413713728492 0.17750784513783172
8 0.8437973453770529 0.4148939683199947 0.09381373461031582 0.2186249712946148
7 0.82247819762342 0.15381093344509975 0.06456201089753331 0.14857777744454503
7 0.6453401860065973 0.4366247990623036 0.06817477271220959 0.14982165744503462
10 0.5896827202313425 0.08619387290062568 0.05109611661462023 0.10635662769916052
10 0.586341867833905 0.2472235939259404 0.05595275700966436 0.11482603180237728
10 0.7334519789242234 0.1671990729202052 0.05474384134883382 0.11361012308426541
10 0.7456592081038045 0.34163176112712823 0.057182650422217145 0.11964770975125834
10 0.7450508533038609 0.4461990688194359 0.06316429547120296 0.11490994564951015
10 0.7569364236237017 0.6759202185648204 0.066819012789324 0.12336536411153805