12 0.1494560777124465 0.08709872925132772 0.06557725771527792 0.13293879180335624
8 0.11045899316207239 0.3162744389903489 0.09512379325395319 0.21499123078146795
7 0.1348081952892093 0.1482429641213278 0.06487888590085483 0.15455942154678284
11 0.305537222352564 0.14782507901629177 0.07784926905480785 0.1955646625740555
9 0.17185892097521296 0.8291467938720968 0.09400479044839759 0.16691430770454474
10 0.22690867109006396 0.1685506277236349 0.05805799348221165 0.11963372411006959
10 0.20826135857601466 0.3498731846447539 0.056772145194871865 0.11601396923811148
10 0.20577157733365345 0.4568443384909078 0.06289366086004286 0.12089158975174777
10 0.30605970423376017 0.5902586420946834 0.06647145502067318 0.11973162359839133
2 0.7524537666598288 0.3165312329236316 0.09640964154129304 0.21861098565342593
1 0.5720284445878204 0.1653529682832831 0.06021106894385698 0.16051309436664302
6 0.5451685207215277 0.07968077443321338 0.06099336596869671 0.1424982338539857
6 0.4761223543090275 0.36020352109139553 0.06820490443023516 0.1425821477011184
3 0.18748693579236056 0.6742385733609079 0.08218138517013901 0.17518791283111831
3 0.3019254234874996 0.457963189786012 0.07225827478322658 0.161854873855454
4 0.3839409681149037 0.18841159287321438 0.056744170124733026 0.11481204616118848
4 0.6600445601483972 0.3611414011163595 0.053250301174519274 0.11957778154531436
4 0.4755258333846681 0.8507140072467101 0.06420748421752155 0.12571326770062896
4 0.5018312805434288 0.701941272890836 0.06174768792339759 0.12328145026440532
4 0.572244205636538 0.5693110072589473 0.0618036380636754 0.12568529641825135