6 0.13352233704310576 0.7529081713019571 0.08180252122780012 0.14274997539538412
12 0.3382059140909179 0.7348530379963615 0.06980427010391566 0.14381204206041923
2 0.25271035152759974 0.6052263169588096 0.09124398538823596 0.2017421056529365
5 0.38316505931766776 0.29418082364244513 0.06923173638738511 0.17985574872692267
4 0.2825723414113731 0.40962053952650174 0.05850443056864048 0.1160419405204891
4 0.3037481343671816 0.22954186260587223 0.0524528558933322 0.11356816616069897
4 0.3565312050484281 0.5114631733829348 0.05125093281640913 0.11355418051951023
3 0.5473310926599927 0.39346661135726924 0.06853940809095345 0.14019228718846113
4 0.46843865884316693 0.2987795733976194 0.04749830606821512 0.10509876205748227
9 0.47624644043539666 0.12696051596237462 0.05892402347556883 0.14008040205895073
9 0.5352583597702633 0.7407524523820945 0.0724388923565725 0.15706116718895055
7 0.5460215415875234 0.6062349672550316 0.059028921702300854 0.14609001744356603
11 0.6273232810958237 0.28740452418838763 0.06326408029346262 0.18218966667482484
8 0.7221554095928456 0.36424452932964585 0.07336199675181486 0.20994578257356594
12 0.7840585427076056 0.054805700619365724 0.05087329920017352 0.0919195651348948
10 0.5489675049970131 0.29971661135726924 0.05110407529898435 0.1051407189810487
10 0.7071564454298749 0.05270869650635922 0.053235186063327194 0.08954369026342625
10 0.7044500711801873 0.20775677342943616 0.052368937311946695 0.10876047385300666
10 0.7285879714077524 0.6155723231772682 0.06449306630790921 0.11490994564951015