2 0.7973759568868548 0.2854583197894237 0.08665203079860007 0.21830440875587614
1 0.615271888189791 0.12733198021201975 0.05836446053468432 0.1623725206042201
1 0.35809893839056267 0.5313129847136222 0.07275956617538362 0.16030437529204059
3 0.6118182768814704 0.32081362052649626 0.06434610463692209 0.16010854980106834
3 0.4440483188684664 0.7905946783654384 0.08855239386964933 0.17509112812692307
6 0.5895288625569234 0.06662037482281033 0.05892304411692241 0.10711203413589748
6 0.5312606173799327 0.42473649666656027 0.07143177232776132 0.14945909252959405
4 0.7613420255349699 0.7991820199590284 0.07492565642902022 0.13992763312462622
4 0.7043243968809809 0.32657347015796 0.05906290052881065 0.11913126490512824
4 0.500851439981889 0.14510704085651752 0.05182339078489443 0.11655956833044877
4 0.4250463722886023 0.1505561498993059 0.06145276104146792 0.11798529196848297
4 0.6237239383905627 0.5374954752143167 0.061536674888600644 0.12519683043002144
4 0.552459993757067 0.6692863826847227 0.0688461128384607 0.13377814238931626
8 0.14821078251237998 0.3845624492922544 0.09034171387650208 0.22559987242783125
9 0.22162262143175315 0.7914289057743591 0.08252879284384508 0.17374932969930568
11 0.3461390184473433 0.11265210296244686 0.06831550053860024 0.19144247501148512
12 0.19289424717230802 0.05738860167697667 0.06613458257846087 0.10727988455673082
7 0.35354382968958287 0.4061731093629277 0.06913981130342552 0.15901852700470087
7 0.17784181639573493 0.11113943929684846 0.0631301959188102 0.15887865165400644
10 0.41772379076286736 0.05661032440833368 0.057581264628111375 0.09506482829652783
10 0.26895021434167915 0.13369823693509636 0.05541517437447478 0.11544157046394236
10 0.2500534163688131 0.3111912013377673 0.05664506873377548 0.11787339168792735
10 0.2511985548156669 0.41942022840112203 0.06508650155461464 0.12047306333274577
10 0.2375421619620321 0.6631588373852566 0.07240992514566351 0.13025629836896366