3 0.7463942307692307 0.6393398382979346 0.07932692307692307 0.15735625464392064
6 0.8822115384615384 0.7615898813376555 0.08173076923076923 0.1514165840387251
2 0.828125 0.3713367157976713 0.0829326923076923 0.21996117181304997
5 0.6225961538461539 0.29799007136111627 0.06850961538461539 0.19790688775191762
6 0.6117788461538461 0.056105074685144994 0.055288461538461536 0.11221014937028999
9 0.6129807692307693 0.12158715817110202 0.057692307692307696 0.14350559778299132
9 0.453125 0.4098923321563456 0.06610576923076923 0.14976001989557483
4 0.5384615384615384 0.05533387556619814 0.05048076923076923 0.11066775113239628
4 0.7079326923076923 0.22459357015326217 0.052884615384615384 0.10971186207030612
4 0.6923076923076923 0.13370205737333513 0.05048076923076923 0.10723807113704045
4 0.7307692307692307 0.4114290947487768 0.055288461538461536 0.11939719146511016
4 0.7391826923076923 0.5217612110977317 0.05889423076923077 0.1195021086342395
4 0.6682692307692307 0.7750265051675302 0.07091346153846154 0.1222556786851832
4 0.5372596153846154 0.3040788802612781 0.051682692307692304 0.11809035121905787
8 0.16466346153846154 0.38703570568668666 0.08173076923076923 0.2151185071156479
12 0.20072115384615385 0.05400734494599203 0.06009615384615385 0.10801468989198405
12 0.2512019230769231 0.7919696167045074 0.07451923076923077 0.15361059585431255
7 0.1466346153846154 0.5185699069169484 0.07211538461538461 0.15354065107489298
11 0.18028846153846154 0.2904272184666137 0.07211538461538461 0.18839642030566223
9 0.3701923076923077 0.19836311935401094 0.06370192307692307 0.14969007511615542
9 0.15384615384615385 0.6421581495017669 0.07692307692307693 0.16089207909527056
10 0.4495192307692308 0.3102376339408594 0.04927884615384615 0.11201079105502305
10 0.2848557692307692 0.052121148085697004 0.051682692307692304 0.10424229617139401
10 0.28125 0.2309991531156097 0.054086538461538464 0.11695837292155435
10 0.27163461538461536 0.4356058553102108 0.056490384615384616 0.11342254847020455
10 0.26322115384615385 0.544023738961256 0.05889423076923077 0.11229057017270104
10 0.25961538461538464 0.6535036561303852 0.06129807692307692 0.11837013033673599
10 0.46033653846153844 0.7762690362796255 0.06129807692307692 0.12678359187519753