2 0.23820548795061708 0.2955394164736869 0.09622942657872809 0.20965905917767028
3 0.3722118895782779 0.7695997734675626 0.09016272824148458 0.16636185807281015
6 0.33991792151351635 0.15550099216675894 0.06538984651911815 0.1409816217792773
4 0.31141065229246656 0.5391452089741646 0.06352344803770976 0.11813809073383147
4 0.49077133422622066 0.3409529664370407 0.0574788602633846 0.11690120473737135
1 0.47957496589256804 0.5345604779963596 0.06453764733929263 0.1529938599646007
1 0.6544020989908454 0.13924585825994368 0.07559976175956852 0.1614702547582288
8 0.8371571252812436 0.3882249410094636 0.09753626682478037 0.2132718209923469
10 0.6756283169898687 0.538228379127146 0.06246141451962582 0.12293879045761631
9 0.8117491048986393 0.1347240605373053 0.07577462370811744 0.16747987014284416
7 0.497150761516054 0.06595812361356444 0.0664169076474926 0.13191624722712889
7 0.8744095144845301 0.6356462802579325 0.07782874596486604 0.1554746245414281