2 0.19610325739513862 0.300500945627342 0.08905822772906 0.21202794241197948
1 0.3809786254973289 0.15401237314963254 0.06116121638953013 0.14937410556601668
6 0.40560556844775636 0.07695643713231506 0.06415153407724361 0.12295277562543117
6 0.4618411626147434 0.24247219255232977 0.06907112666549153 0.12778843826875305
3 0.5410561854111109 0.24681837432213377 0.06331328691212608 0.13857078304152376
4 0.5631114317868587 0.17698796193416955 0.056632269844177546 0.10968966627583289
4 0.2827805893452454 0.3456635639251789 0.0543123489007479 0.11328145033878734
4 0.3596716714419867 0.5531207605271681 0.056912020545566315 0.12170889704506366
4 0.2143738297897429 0.8063357464142725 0.06655538023108984 0.12296676079324588
4 0.425159979251602 0.6825298755521386 0.06672323065192319 0.13017829925478436
3 0.5245539088463135 0.8009258905353944 0.07974956394615408 0.17351745586308917
8 0.8292349583541129 0.41218648412494374 0.09274792217024587 0.2156546893944708
12 0.7986623896717415 0.07346793911767277 0.0705248253736648 0.13861273854496814
9 0.7394743390544332 0.8092896026313547 0.08928102335112206 0.16996762730357937
11 0.6444515549747328 0.14166368958160463 0.07533352262040602 0.19031640860438268
7 0.8090590663729166 0.14310955174013723 0.06473901055016039 0.14819316024081577
7 0.6244324590848287 0.43380791569689375 0.06605283390763908 0.15300784513241547
10 0.47590257350411314 0.15466188209787118 0.057946093201656106 0.11450435116743266
10 0.7161193384678951 0.16047490377793 0.06166376271298081 0.11933302122684715
10 0.7288339262344015 0.33705969991091866 0.05674417012473289 0.1144973585835252
10 0.7288039412861642 0.4416130224354116 0.06644347995053415 0.11815906848555358
10 0.6200134029419332 0.572036062126955 0.06781325344829078 0.1253775995309995