5 0.7919579487587394 0.28671812188352075 0.07526131181755137 0.168347066058439
2 0.8000365969739837 0.361111474780673 0.08156462566713156 0.19369234890055578
6 0.8560408524090164 0.731603580800008 0.07493964207020881 0.14070283528920824
6 0.7447316235983912 0.05413421047947963 0.05421325129755171 0.10826842095895926
1 0.7584850738750337 0.19954418769248936 0.049643314890069234 0.1354545704292412
1 0.7176370431620941 0.6150048757541147 0.06278055488909036 0.12847380806651343
4 0.7054483005679695 0.3940188667630399 0.04681989950055892 0.09935491883085613
4 0.7175243159672695 0.5020031268779991 0.050509582578460874 0.10662939622843372
4 0.6518118288204149 0.7435835820473601 0.05408738052685235 0.10428848901062683
4 0.625088966239017 0.6166203084457886 0.052969371297062265 0.11147904782681878
4 0.6817717815697889 0.2189157311485061 0.04437409642314641 0.09570719030939401
4 0.6675576471992298 0.1338099687857782 0.04192829334573362 0.09205946178793199
4 0.6605410656490206 0.04910691433785352 0.0420401784752441 0.09821382867570704
3 0.5892648195049642 0.12075056881021827 0.050845237966992175 0.13547555007458764
3 0.6343258964769899 0.48061418394536315 0.06415030566027888 0.14291786463493658
4 0.5179894154262219 0.29751109640711887 0.04568790462957983 0.10534355457012506
11 0.18114326978160664 0.27694308941180745 0.06328403797188703 0.17174303883574413
8 0.16653922158838932 0.3649562094166955 0.06961532310384491 0.19949216783170698
7 0.15601645442636053 0.4937717751009289 0.058098733352097066 0.13920719717743532
7 0.18505588105321552 0.19993609390734485 0.05324908412083833 0.13551750936528045
9 0.3629125251554533 0.19442726024222923 0.061872330277131946 0.15369321303655153
9 0.16454264315964653 0.6066266664596196 0.07152967181608293 0.15746681943009205
10 0.45585641035838687 0.7433974950080565 0.054129337450418986 0.10789425824139606
10 0.25971833649559045 0.6242000437080221 0.06012496719384549 0.106797233391205
10 0.26094738878957713 0.5231965459557907 0.06018090975860073 0.11160492569889745
10 0.2704640318513261 0.4112288829938268 0.05646325539832102 0.10192660214747357
10 0.272881021581047 0.309002482519326 0.06005503898790151 0.10078761800658977
10 0.2742499302869217 0.22001821553632553 0.052787557961607806 0.09585404782681892
10 0.2780646420702089 0.1345977584934014 0.05394752411496446 0.09226925824139613
10 0.2783015559051046 0.05164408654036267 0.04078231283356578 0.09684617445027786
12 0.19893267590461505 0.05137408091967348 0.05171150565538395 0.10274816183934696
12 0.2539752903588764 0.7505278446570235 0.06408037745433476 0.13690824925032147