5 0.8040865384615384 0.26373660115400577 0.07091346153846154 0.16511206759973296
2 0.8125 0.33685808335534123 0.078125 0.19052030263595093
1 0.8341346153846154 0.46375837824668736 0.0625 0.13847393441645295
1 0.7752403846153846 0.1754656951450314 0.054086538461538464 0.1286627243100962
3 0.7644230769230769 0.09639054769935834 0.057692307692307696 0.11913126490512828
3 0.8497596153846154 0.5823850869502665 0.07572115384615384 0.1243585832649039
6 0.8653846153846154 0.7118291033461532 0.0733173076923077 0.13271609466308776
6 0.7620192307692307 0.039502564079353326 0.05048076923076923 0.07900512815870665
4 0.6778846153846154 0.03923780585208306 0.04326923076923077 0.07847561170416611
4 0.6838942307692307 0.10908218509097165 0.039663461538461536 0.09587510039150643
4 0.6959134615384616 0.19293704977419812 0.04326923076923077 0.09836287175576928
4 0.7043269230769231 0.27567391659091817 0.042067307692307696 0.09833489668563039
4 0.7163461538461539 0.3727499351202986 0.04927884615384615 0.10090659326030996
4 0.7283653846153846 0.48304710749583274 0.054086538461538464 0.10702810892548069
4 0.7439903846153846 0.5932603546609502 0.04927884615384615 0.1129258240295406
4 0.7596153846153846 0.7178966787491446 0.054086538461538464 0.11063387815624992
11 0.19110576923076922 0.2575711946171472 0.06009615384615385 0.17327375350694452
8 0.1778846153846154 0.3456193050040597 0.06850961538461539 0.19870996361330137
7 0.1971153846153846 0.17930631926645282 0.04927884615384615 0.1381662086449253
7 0.16346153846153846 0.47456077507649563 0.056490384615384616 0.1347282898349894
9 0.21394230769230768 0.0995877452075853 0.052884615384615384 0.1298366723168804
9 0.17067307692307693 0.5921813861941239 0.06370192307692307 0.14330960179428423
12 0.14302884615384615 0.7430651974227029 0.06850961538461539 0.13861380976714727
12 0.21514423076923078 0.03954280884703518 0.04807692307692308 0.07908561769407035
10 0.29086538461538464 0.11222041764177325 0.04447115384615385 0.09959276990283124
10 0.2932692307692308 0.039793579539236 0.040865384615384616 0.079587159078472
10 0.28846153846153844 0.19761290624358951 0.042067307692307696 0.09833489668563039
10 0.2824519230769231 0.2878970123635147 0.04447115384615385 0.10440046221052358
10 0.2824519230769231 0.3900604739019762 0.046875 0.1020525661969551
10 0.27163461538461536 0.49848532645630317 0.046875 0.09844679696618587
10 0.2704326923076923 0.6018786861418267 0.05048076923076923 0.10694418371506419
10 0.25600961538461536 0.7284163100604164 0.0625 0.11443547287799141