5 0.7974800561916827 0.31470426664112927 0.07254379058330439 0.16266518525124446
2 0.8048323688784687 0.3916623064837432 0.07673698988377325 0.19634000915681285
1 0.7264103003202559 0.6495932797325943 0.05900794205695448 0.14455942067441704
1 0.7634546597137786 0.22437123610639878 0.05536021353549249 0.14213459676884857
12 0.8631656087609747 0.7729726029763767 0.07823871128772371 0.14467130201693534
12 0.7488339529215924 0.07526284872886325 0.052620693056103764 0.12288984237026455
3 0.44111122876839765 0.4159858612521092 0.0612859103387221 0.13736186738069323
3 0.5937378334156451 0.14045958205167072 0.05167052572333748 0.1373059267094341
4 0.672156548450495 0.15774102308257465 0.04239689872567299 0.08797813246823612
4 0.662148633865706 0.06634592114906904 0.04623344405525277 0.1012202640661122
4 0.7244382136576928 0.536612510501825 0.05108309565363784 0.10365208055558793
4 0.7092869324396687 0.42595866900192053 0.05112505494433059 0.10605592670943409
4 0.6819966258725129 0.2395207404006957 0.046317362636638285 0.10602795637380452
4 0.5187178209269147 0.31788967948230523 0.04277453234190846 0.1096127478528515
4 0.6278526080125636 0.6490198878521876 0.05365477897025528 0.11328145033878748
4 0.6601664866330534 0.7790023947575649 0.0573654464277568 0.11931204347512483
12 0.18848604333128155 0.057581227704938745 0.05844149163260121 0.11210749759749389
12 0.2503526766929769 0.7790217697989882 0.07214517732172268 0.13982864678970613
8 0.15807187562177497 0.38068875788002454 0.08051059627731391 0.2059763715239196
11 0.17094245878921716 0.29183036119460554 0.07878418206673046 0.17592130201693534
7 0.14836040584064986 0.512830370502489 0.06744238324076239 0.14581029183869182
7 0.3519685614381664 0.059734142193267975 0.05487768169252487 0.11449036599961783
9 0.35697388361496807 0.2087865888995443 0.06012594655249191 0.13975872095063208
9 0.15882987262306011 0.6306677801283023 0.07705776785614701 0.1458662325099511
10 0.4557556449747446 0.7730059631856149 0.058462471277947584 0.11330942067441704
10 0.25813401910223177 0.5363032340996006 0.04988117257671476 0.10364508797168061
10 0.2588412437518325 0.6456712415156933 0.06202628121802407 0.11092655227229287
10 0.26830704108097797 0.4306039291694439 0.04996509115810047 0.10845278027937291
10 0.43578512861922236 0.3174071911926948 0.04743536713217585 0.10122725665001954
10 0.42445549637760915 0.15029093541303523 0.0473934078414831 0.09882341049617345
10 0.27087599462878126 0.23352350747359626 0.047540265358907874 0.10723687203463499
10 0.2715236338657059 0.0640733313791646 0.04874218843583095 0.10724386461854238