6 0.15384615384615385 0.801657732054701 0.07692307692307693 0.14241540448888904
6 0.2776442307692308 0.06054877966362203 0.057692307692307696 0.10951588028974364
5 0.3076923076923077 0.41100777180170966 0.0673076923076923 0.18185506546623934
2 0.23677884615384615 0.28676108881736134 0.08413461538461539 0.20748710106356846
3 0.18990384615384615 0.5464873687742523 0.07451923076923077 0.14235945434861108
3 0.41346153846153844 0.33654650105085504 0.0625 0.1432816267241454
1 0.2692307692307692 0.13607410801880365 0.05889423076923077 0.14560154766757483
1 0.5060096153846154 0.32788327375924187 0.05048076923076923 0.1466076452535257
4 0.2668269230769231 0.8066912348016028 0.0625 0.12164701133952988
4 0.3317307692307692 0.3370480424352567 0.04807692307692308 0.11169592588247869
4 0.44591346153846156 0.16182105871383584 0.046875 0.11647564312003209
4 0.5192307692307693 0.06977753799230813 0.04447115384615385 0.10800623144129276
4 0.5132211538461539 0.25473381648776755 0.04567307692307692 0.11163997574220087
4 0.49278846153846156 0.4501717018338679 0.04807692307692308 0.11289784895940176
4 0.4206730769230769 0.5542624283947652 0.05048076923076923 0.12016533756121789
4 0.4807692307692308 0.6866707972863253 0.054086538461538464 0.12986464738701914
8 0.8846153846153846 0.4148204208529922 0.07932692307692307 0.20857712385993593
9 0.6838942307692307 0.3320235841397976 0.06129807692307692 0.1456574978078526
9 0.8882211538461539 0.5663466537557166 0.0733173076923077 0.1423314792784724
12 0.6887019230769231 0.8092989459588148 0.06971153846153846 0.150661015606517
12 0.8473557692307693 0.08222242444791737 0.055288461538461536 0.12628685322638894
7 0.8617788461538461 0.14505812528958406 0.057692307692307696 0.15278511105897438
7 0.90625 0.6941701259616461 0.06490384615384616 0.15175103840288473
11 0.7668269230769231 0.21616540244091945 0.07091346153846154 0.17713129836896374
10 0.7680288461538461 0.15970299289567375 0.04326923076923077 0.11278594867884614
10 0.78125 0.3402991802056631 0.046875 0.11046602773541664
10 0.6177884615384616 0.06966764758985095 0.046875 0.11046602773541671
10 0.6153846153846154 0.23908285129572704 0.04927884615384615 0.11532967018338675
10 0.7824519230769231 0.44850023219887886 0.052884615384615384 0.1118078261630343
10 0.7956730769230769 0.6940002656627144 0.056490384615384616 0.11669944368114325
10 0.5817307692307693 0.8176264724087611 0.057692307692307696 0.12514088028974377
10 0.6009615384615384 0.5740836889155988 0.052884615384615384 0.11901936462457276