6 0.8330850116743913 0.8358719486704557 0.0822867143754608 0.14439252310136325
6 0.7289156941146138 0.07645754744754361 0.06111960188386361 0.11879548451508946
5 0.689647768134953 0.4341271128823066 0.0738254186204979 0.18388814747705334
2 0.7641633858135193 0.31156683503466814 0.09018483880440278 0.2094012674819414
3 0.8045463831542963 0.5768290977716017 0.07984789583190487 0.14314864073374714
3 0.5849498196199332 0.3541349244464756 0.06789860984209366 0.14534269043412926
1 0.7361879286194448 0.1571542307641611 0.06312588992411114 0.14646069492966668
1 0.49151457112732105 0.3416812044171475 0.054747400775359376 0.14751576048916484
4 0.7175954791206467 0.8374636719479691 0.06606718375039505 0.12368709540416763
4 0.666610644071283 0.357965386483878 0.05132935531993036 0.11261803196770273
4 0.556436914753421 0.17686480206908367 0.051504217268478994 0.11862764735231818
4 0.48471547516097063 0.07941021790375977 0.04882059199695486 0.10897030344624072
4 0.4852344253611545 0.2682170392074149 0.04892550916608407 0.1125760726770099
4 0.5010985964436604 0.4669119805159581 0.05256625078656308 0.11384093468997218
4 0.5701014383748768 0.5751419130828969 0.05397800820174471 0.12107345279685716
4 0.50615832166065 0.7063044692771145 0.05906547962711501 0.13077275599362756
8 0.10579293186801568 0.41431562062856414 0.08541211888642039 0.21051927197747872
9 0.31122610958885955 0.33853425761518524 0.06556470846766707 0.1477045772972825
9 0.09771069675439785 0.5680988355386787 0.0774790220677685 0.14430860451997746
12 0.2911575935409227 0.8216024363115301 0.07531998264189067 0.15268010676774624
12 0.1529147611507819 0.07602368194199527 0.057863556550192 0.130751776348281
7 0.13656820279366844 0.1418776954286075 0.06337069665207941 0.15487415646812822
7 0.07593980490160793 0.6963899100892517 0.07051229033419834 0.15259618818636073
11 0.23055376078550985 0.21807529782555152 0.07729129829242828 0.1791433941054003
10 0.23103051241465494 0.1603620104878974 0.047758558478870776 0.1137570161085866
10 0.21245858294290867 0.34402546515831756 0.05009245985329743 0.11139512924543328
10 0.38506077694548446 0.07406313810923805 0.05012743224300728 0.11259705232235635
10 0.38239362659141624 0.24838394355377705 0.053838118642905726 0.11626576048916484
10 0.20807417240239787 0.4533794855129712 0.05613704762762253 0.11270195054908837
10 0.18761373388632482 0.7019467863372376 0.06111960188386368 0.11879548451508953
10 0.3990159189566118 0.8343079120850152 0.06253135929904538 0.1260280026219745
10 0.3869544896163423 0.5875780069902418 0.056346881965881085 0.11991348901062683