2 0.20793521850363444 0.3112848931104116 0.09285744515985865 0.23369752071613176
6 0.4204221774469925 0.08417118101445122 0.06416429130146763 0.14339246051703086
1 0.4871581425965719 0.2420007036223738 0.07527529745874026 0.168695778387582
4 0.30224464415118657 0.3599072377321117 0.06034873745286631 0.12534263661146247
4 0.3852769200778286 0.5755199716231382 0.0652263579665026 0.13138022233170757
4 0.45531097035202356 0.7069281642904752 0.06531027181363545 0.1385917607932459
4 0.5838705723326562 0.18727864138041153 0.0639964636072019 0.12896938359395393
3 0.6628224092934236 0.46536340493580836 0.07883910976594312 0.16511098690853496
3 0.7795225170151006 0.682373854253165 0.08255676412622283 0.17474734927564184
9 0.7921719437031416 0.8398887105852547 0.08366078771482403 0.16634088032108763
12 0.8231223507809784 0.09132138893112195 0.07133387283943958 0.139828646789706
11 0.661576003096992 0.1516754670267001 0.07315116412867002 0.1927202547582288
8 0.8594614400430749 0.32228641204975983 0.09509346361943909 0.21928842896086975
7 0.5653267836507664 0.4527777748700784 0.06929365335650235 0.1710646616218912
10 0.6602359077388089 0.3463660277365164 0.05791692001664254 0.12292480528980167
10 0.7387368359202787 0.1725556847044659 0.06268265540076848 0.11934700639466193
10 0.7565016390221656 0.35654081906449286 0.06521237232531372 0.13017829925478436
10 0.6595811087988774 0.5999508192155634 0.07488369950545384 0.13504193223373606