3 0.4040008379645447 0.11892905407051686 0.0580427907873419 0.13374211298210925
3 0.5609797754369906 0.3890548740414331 0.05819663284041873 0.14696326682826305
1 0.2836449129045416 0.6205986789140863 0.06654016617293622 0.14100259953099936
1 0.22836706874601267 0.20804537500536008 0.05812670463447462 0.1409536514436477
2 0.19653135594671103 0.36409958265595294 0.0805305302844742 0.20718528718475013
6 0.15165798676733802 0.7424186559465189 0.07868526771286619 0.15188983306238113
6 0.40564945949419545 0.05403919308448552 0.05288545744992941 0.10366606572340274
5 0.39511354875629195 0.28473150543073494 0.06092214874160731 0.17462148276530862
4 0.327203631812167 0.12929883639275108 0.04681989950055892 0.09882341049617345
4 0.31624730977328536 0.22057506439983096 0.04929367386034892 0.10484701104860362
4 0.2847341087866402 0.5076318948511318 0.05649122668069864 0.10368704347512483
4 0.2930768000538437 0.39831283552239094 0.04929367386034906 0.1048470110486037
4 0.3810426390588773 0.6247708474413548 0.05665905437496422 0.11811012039820176
4 0.35369294881992536 0.7532087946583463 0.05425520822111807 0.1180961352303871
4 0.47653494975027944 0.05204790938117586 0.04922374565440508 0.09883739566398823
4 0.4829798041423758 0.29605927174828267 0.045659933347202204 0.10242218714303529
7 0.6399545312882514 0.0493931315618128 0.05633738462762194 0.09046588962897109
8 0.841922091330837 0.36424883098345656 0.07811269848943916 0.20596937894001227
7 0.8590155836556613 0.49054165765117586 0.0653242574548242 0.13979368387016897
11 0.8252481682416767 0.2740136966234296 0.07663106258874017 0.18192392481764325
12 0.7599569344611142 0.75677421109597 0.0714038010453837 0.14583826217432153
12 0.7998242861602095 0.051525068298419845 0.05997112514076865 0.09289071353453944
9 0.8519307580301361 0.6046754018715164 0.07505152719971929 0.14946500915681285
9 0.641562880024964 0.18761428540796665 0.05446499283895015 0.13612498138423318
10 0.5659124964500681 0.2965417600378932 0.050523568219649755 0.10725784978635716
10 0.5723539825809083 0.12711955427909108 0.05175346257895031 0.10966868852411071
10 0.7204973630832865 0.05106355776053155 0.046749971294614806 0.09281379511155806
10 0.7259911938745441 0.21334415089686914 0.04691779898888052 0.10723687203463492
10 0.7366703292855917 0.4081046374457594 0.05408738052685235 0.10367305830731019
10 0.7463564841722345 0.5175285855331112 0.055261332321397946 0.10127620473737135
10 0.7499770811095067 0.6221098783932337 0.05535923180971954 0.10968966627583289
10 0.5602978472799953 0.7435942113981112 0.05656115488664262 0.10969665885974021