3 0.4091543825991986 0.140609479892282 0.057079870966399736 0.12954985327135793
3 0.5532962019243052 0.40525116632981467 0.05858951981485055 0.14279198676285818
1 0.27640227335357853 0.6264713049430632 0.06686310600261763 0.13692922889566772
1 0.23641115048584385 0.22657267794539873 0.058477619534294936 0.13798429445516588
2 0.20046234364155952 0.3762466121364301 0.08039299055934847 0.20204287150297803
6 0.14382504910213612 0.7431958878610351 0.07793218932617532 0.1479353533960932
6 0.41320875789123923 0.06973797764451331 0.0531943510342416 0.11746768356608792
5 0.39576236351506383 0.30270125811412607 0.06160881751175232 0.16927625374585878
4 0.334355401128579 0.151327972650035 0.04668118438712609 0.09572816995474046
4 0.3202939902392092 0.2388585608119555 0.04805095788488259 0.1029606880616253
4 0.2813518508900637 0.5171382642337561 0.056408469283066316 0.10070369942520412
4 0.2922550936708864 0.4103139679050272 0.04925288096180566 0.10298166770697173
4 0.37009632321330077 0.6305115634339298 0.056744170124733026 0.11512677634828104
4 0.33954268514962543 0.7550290315909621 0.054340323970886874 0.11508481705758829
4 0.48283637114236105 0.07456056630537462 0.04553521145048082 0.0981110364632402
4 0.4808751014154912 0.31380619754910616 0.04559116159075863 0.10051488261708631
7 0.6417419929274573 0.06651257179879376 0.057862167991239326 0.11154198676285819
8 0.8255462688519762 0.3835502584857969 0.0779611693353634 0.20079898913536207
7 0.8383178116978094 0.5064191477214541 0.06443128477863251 0.1356853465280519
11 0.8119634489721151 0.29553713848090885 0.07619974485566253 0.17673954795155417
12 0.7337175042401168 0.7643142014184328 0.07060875058408118 0.14300178321632237
12 0.7955881467736111 0.06919796640313493 0.06026601414508548 0.11158394605355103
9 0.8273026686364311 0.6180511363578755 0.07429844502526733 0.14667049138313087
9 0.6371830614338674 0.21072236138421657 0.054759950022970225 0.1331136632114343
10 0.5602020244924143 0.31519085414196957 0.05048277910886757 0.10420457042924133
10 0.5724480706399037 0.15067425012093297 0.051768627396207294 0.10783131930535686
10 0.7198390178573183 0.06907817182323384 0.04696093508851526 0.10774740072397122
10 0.7183543292618588 0.23618743880623436 0.04687700987809835 0.10414163149320199
10 0.7223757047885145 0.42503621940058234 0.052802700052297084 0.10064076048916484
10 0.7282993850846149 0.5321542307641611 0.05394867298894249 0.09825789398066508
10 0.7271514022698712 0.633136748871046 0.054172473550053724 0.10787327859604982
10 0.5392857164799673 0.7488962681030826 0.055346421556837694 0.10669233516447299