12 0.8038496246266428 0.10629424863380846 0.0712219877099291 0.1318360909108581
12 0.8038496246266428 0.10629424863380846 0.0712219877099291 0.1318360909108581
8 0.8412795939014661 0.43179270631491234 0.09158559387699174 0.22975141837698337
11 0.6543225077118872 0.16322077684316602 0.07067738976887974 0.18829150313653292
7 0.8190419118151039 0.17281968654109475 0.06304628207167741 0.15202397649058214
7 0.6456318595455918 0.4489287452537608 0.07028579181559334 0.15463765698268672
9 0.7772733549796454 0.8168185108706871 0.08733648515153739 0.17435803966939234
10 0.7290794943813277 0.18582175731286316 0.049503458478181 0.12399504943454404
10 0.7455444749179699 0.3617221952201494 0.05779104924594346 0.11342254847020469
10 0.7479072062135637 0.4615167829944746 0.05911884309356562 0.12427482855222202
10 0.6484421313592272 0.5871848714896244 0.0651144728369924 0.12324776742384771
2 0.22469221337461348 0.3105214581681333 0.08905587695244623 0.21886416590525626
3 0.5656789508764286 0.805855677974078 0.07882512412475425 0.16569977140296288
1 0.39726481130342556 0.1689578392914324 0.05333299796797119 0.14333073583444247
3 0.5605453784948237 0.2614194965176339 0.06655415181412504 0.14371543212124982
6 0.4252018984723072 0.0916721766444665 0.05679891078685232 0.13141642223434102
6 0.4946485518165724 0.17419444901176864 0.061662545659299864 0.13636400410087235
4 0.5814107836140548 0.1959432303016402 0.04936360206629304 0.11197581866531327
4 0.2567847201071979 0.7968677738186709 0.06872024206776149 0.12335268459297694
4 0.3129220954316062 0.35514175030925316 0.05295538565587339 0.1108788127575194
4 0.39455664930468193 0.5557672357224046 0.055443145656852405 0.11816029599847742
4 0.45972706470642943 0.6838226954539446 0.05907688616999925 0.12066905932145307