6 0.8558310677911843 0.6987750691205743 0.07999907591929983 0.16378587742423506
2 0.8204841169881788 0.4511102383228306 0.09138979490034853 0.2134424722865257
5 0.6030182697816067 0.2591040096437715 0.06697372104978919 0.18015110763528172
4 0.6839938143881804 0.1913460621372344 0.0505934964255936 0.11470162445812694
4 0.7076983046687388 0.36847518010496105 0.0565751405278315 0.11250763869786094
4 0.6319640072467101 0.4733248546812493 0.05779104924594346 0.11375153385350013
4 0.5245978871860136 0.03926278654655406 0.0395803897566427 0.07852557309310812
4 0.5201974626034247 0.27161546769056305 0.05171150565538395 0.1075320580753046
3 0.4443652656930745 0.36805168072838984 0.06655415181412504 0.14409341532758943
9 0.5097840543749643 0.10003427224157538 0.055694887198250845 0.14010989738837576
7 0.4480146759780383 0.5783462471112123 0.06183037335356545 0.1511370654742636
8 0.2649710431253824 0.3478632127647725 0.07927266464279595 0.20460928996090372
11 0.36141774567887947 0.266338474388773 0.062263928230418486 0.1883966808588791
9 0.35655579493705997 0.4685133837841462 0.06543614258433468 0.15126298171041178
12 0.2000506851344053 0.04267207329487985 0.05635137026881061 0.0853441465897597
10 0.2781616994932165 0.040053592561290326 0.05031378360181767 0.08010718512258065
10 0.2811817559246841 0.1909836315840319 0.05292741437349584 0.10877595323094365
10 0.43843872209027795 0.27206572288940783 0.0468478707829364 0.10255647745274811
10 0.45205484215097447 0.7188873029537801 0.0626127271948245 0.11512134524528751
10 0.26310033546733885 0.6004349472334828 0.06019489539978947 0.11383547801093222
12 0.2562252944596457 0.7329402902460337 0.08217915181412504 0.14463905235089777