6 0.131974871296285 0.7295673076923077 0.08242141923487854 0.15745192307692307
2 0.17290515427384875 0.48677884615384615 0.09495958215454402 0.20673076923076922
5 0.39008314156610224 0.29086538461538464 0.06978787449074932 0.17427884615384615
4 0.3130227107398455 0.22596153846153846 0.05314027739572215 0.11057692307692307
4 0.28530214394140385 0.40024038461538464 0.05786402554598231 0.10817307692307693
4 0.3574976431754101 0.5012019230769231 0.05910792070162142 0.109375
4 0.47510682968137546 0.05889423076923077 0.03829747968548466 0.0985576923076923
4 0.47152010624585916 0.29927884615384615 0.05288844492342589 0.10336538461538461
3 0.5428494590326707 0.390625 0.06852871212926814 0.13822115384615385
9 0.4858096588045667 0.1310096153846154 0.057627460279528225 0.13581730769230768
7 0.5355882894147952 0.5985576923076923 0.06401482437258793 0.1466346153846154
8 0.7204135649933998 0.36538461538461536 0.08260457475558497 0.1971153846153846
11 0.6269459318773805 0.28846153846153844 0.06527398673406938 0.18269230769230768
9 0.6272320773507718 0.48677884615384615 0.06762059360335716 0.1466346153846154
12 0.7902205362288017 0.052884615384615384 0.057780081388550286 0.10576923076923077
10 0.714541354461364 0.051682692307692304 0.05160257768907073 0.10096153846153846
10 0.7077151728364911 0.2127403846153846 0.054174312157781054 0.10576923076923077
10 0.5509309734802144 0.296875 0.049114787377792485 0.0985576923076923
10 0.5283996262873202 0.7355769230769231 0.06399955716674582 0.11177884615384616
10 0.7165750090855874 0.6129807692307693 0.06151176685546771 0.109375
12 0.7204554861227164 0.7427884615384616 0.08419568420798385 0.13942307692307693