1 0.7440493495728101 0.16606707804922616 0.0523001537288464 0.13038110359643323
1 0.5292438344623934 0.33299284519901773 0.05109823065192319 0.13036711795524442
5 0.7175281413653316 0.4204971580448208 0.055543251986858985 0.1664667671865031
3 0.7773425346319981 0.30583979600202316 0.07647949555705143 0.1883391384713282
6 0.8692012841920947 0.7935556801155191 0.0765344407582802 0.13907427795867078
6 0.7279197933712608 0.09258194266265282 0.055626172258226456 0.1184038297507689
3 0.8288064510738253 0.5551693272902746 0.07527656754107917 0.13665644616363587
4 0.6906652026818912 0.35049192111831745 0.0456471117310363 0.10266694462125842
3 0.6137701008289533 0.35079876315915703 0.06328531184198738 0.13771851282867098
4 0.6572021573237715 0.10017025137097493 0.04438923851383555 0.10024911282622352
4 0.5810354122334938 0.18339580007831807 0.04564711173103643 0.10266694462125849
4 0.520521642213355 0.26800508519803873 0.04450113879439117 0.10505680513391583
4 0.5392808550079597 0.4544709898153813 0.0529146003328527 0.10515470462223743
4 0.7622021552758019 0.7911090349727925 0.054312348900748035 0.11358215180188799
4 0.6124602972276715 0.5526519118762899 0.05059467938942319 0.10873250257062904
4 0.5587953946963147 0.673388817509647 0.055458321837393174 0.11119229128923044
9 0.35980065568637853 0.33222279286831946 0.06074159033744664 0.13168092616167798
12 0.365455639610631 0.781686081072795 0.06809300414967955 0.13777445539342636
12 0.20044341302286334 0.09365378464230645 0.05079050488039538 0.11714596410909062
7 0.18979496069043816 0.15240815899964918 0.05858951981485055 0.14247026257160805
7 0.1572411867234514 0.6639099210448942 0.06820490443023516 0.1425821477011184
8 0.17297306230876106 0.41055589335552345 0.07550137304123944 0.19794053744552406
10 0.42400412014770317 0.2512612339029344 0.04564711173103643 0.10266694462125849
11 0.27918587444401727 0.2243425723448934 0.07116825198685912 0.16664858052195763
10 0.4154757435115386 0.09134952210741001 0.04436126344369658 0.09904718974930045
10 0.2766411480004275 0.1666362790113969 0.04433328837355774 0.09784526667237738
10 0.26870627747147463 0.34197719183027814 0.05045480403872874 0.10272288718601366
10 0.27100023322286365 0.4405348841379704 0.055430346767254335 0.10999036821230736
10 0.2643242408501608 0.6699623354183901 0.04922490589166676 0.1015069784679017
10 0.44438689194941283 0.5591073836483189 0.04835868365641032 0.11591606974979002
10 0.4678708767803425 0.7936921682661511 0.05900814092788473 0.10883040205895064