6 0.5870537986479809 0.06147748003922101 0.057338970704545744 0.11209351242967908
6 0.8201179132923327 0.724672498957129 0.07737410489863915 0.1398496245414281
2 0.7729872672923711 0.36202737375391475 0.09471275199441738 0.1988347589014552
5 0.587620583064666 0.2898009091511612 0.07351066711311041 0.17227357728272175
4 0.6617386426296336 0.13795303159222444 0.048750647217535296 0.10603494895771191
4 0.671239861339762 0.224421567291612 0.046346801063689144 0.10602096378989706
4 0.68660155713954 0.3985815395190323 0.05352336713551809 0.10486099621641834
4 0.6931743438501758 0.5030929065400809 0.05235641644830453 0.10605592670943409
4 0.5056799794956383 0.2974879433184028 0.0510495762022521 0.10244316489475747
4 0.5172723154070229 0.06428689605969626 0.04868070243811573 0.10363110280386574
3 0.5863672126805773 0.12637433360915976 0.05068699047836325 0.13128232615700391
3 0.430801776093183 0.39285942142976976 0.06662674198575101 0.1421905374401078
7 0.23312481068764437 0.7437098799039392 0.07016256643710082 0.1398076690379839
7 0.1432181604650529 0.4882666638158231 0.07132951712431411 0.13861273854496814
12 0.20392011622719744 0.0544810184359444 0.06568248746358765 0.1089620368718888
8 0.16127836591794434 0.36318275280893436 0.08279843839431568 0.2023706022931505
11 0.3507368197416906 0.2947842174116879 0.0818192114824426 0.16871675613930426
9 0.3585871099541315 0.19018893938375064 0.05683649542181776 0.13612498138423318
9 0.14837918976050726 0.5999965618823175 0.07744404967805878 0.14225347069527425
10 0.42624813924958593 0.3015552230870603 0.04751375175090244 0.10482603329688144
10 0.2808082207605646 0.05484712739714603 0.05232144405859481 0.10485400363251103
10 0.2809995576265693 0.2134730032153626 0.054865179771280026 0.1096756811080181
10 0.24411336723783636 0.6138602320928026 0.06946311864290572 0.11576920749952234
10 0.4245803038155112 0.7305788282934321 0.06589232180184613 0.11695015282472318