2 0.21839669955247412 0.30217794140909127 0.08289346278581369 0.20663510079776692
6 0.17822699675688441 0.5367056927947217 0.07448608453952957 0.13791565107489298
6 0.2558268818686751 0.08681101447481059 0.05753328359052796 0.13021449915741795
3 0.392004197055235 0.3457104763785442 0.06139080856545425 0.14474249324962413
3 0.34188951861089545 0.667733805651591 0.07482175886507228 0.15714642030566223
4 0.23623735265275153 0.7957357955211675 0.06335408216702568 0.11957205341365906
5 0.46617285714575407 0.43685604462256644 0.07041267981896181 0.17984306920836154
4 0.41290725462154004 0.18157160068572897 0.053675758615601796 0.11568650506521178
4 0.30051118569165625 0.35146603629906437 0.05000705044879329 0.11197581866531327
4 0.37757839036334384 0.5521264941019257 0.05607960476944795 0.11575644984463128
4 0.43783356831127745 0.6825508275976021 0.050069989384832564 0.1155815878960825
4 0.4738337812205589 0.273534395719867 0.05232697802125381 0.10723807113704052
1 0.33886447240309947 0.08321449398016828 0.05533923389014598 0.14216378514722922
1 0.6276203496540368 0.5569969050077084 0.06514343531364812 0.153260871957215
11 0.6477647864645076 0.1607469859099004 0.06678593094284607 0.17853622896230933
8 0.8282663979797965 0.4293538877713564 0.09016794018339142 0.21045070436679472
9 0.7469707417636736 0.8154067534555055 0.07245987200191888 0.1594803216800888
12 0.801499958791752 0.10268847940303923 0.05510845779133543 0.12894263130107533
7 0.8088014991268536 0.16663520920793057 0.056625075548454834 0.14700644984463127
7 0.8465713330465091 0.6896337477912263 0.07477979957437952 0.15474257415181605
9 0.6397262287734673 0.3457032501972152 0.06744238324076253 0.14732120135201904
10 0.5815480357148289 0.09628853208615411 0.05361281967956252 0.11208073583444254
10 0.57513099400764 0.25724130722471716 0.05127191246175564 0.11561656028579229
10 0.7219483429081957 0.1821460433026744 0.052389916957292934 0.11084384036780968
10 0.7333293712560424 0.35684455813303756 0.05234795766660018 0.10843999421396361
10 0.7315251217562507 0.4602099427484222 0.058525410213986856 0.11823024077789686
10 0.7371543737558164 0.6888551064814847 0.05728152784637102 0.11579142223434119