2 0.2162507805537743 0.30292037965930174 0.08294836207950923 0.20840119542948798
6 0.18297623084265394 0.5418932944497722 0.07493964207020895 0.13984962454142824
6 0.24972112924153797 0.08077438794575452 0.05681289642804113 0.1313312742443557
3 0.3945829364564315 0.34241682053913525 0.061802402071187965 0.14698424457998532
3 0.35395783393719865 0.6726869410884077 0.07516341232922977 0.15908039377219735
4 0.24974100933992505 0.8054850552430182 0.06389856411888037 0.1205559220554924
5 0.4737708451867805 0.43421749233927 0.07062144720412479 0.18188896189810622
4 0.41185571592076814 0.17425947111242282 0.053039299503006246 0.11688721956955657
4 0.30214674466286495 0.3514937761936502 0.050593496425593666 0.11326746517097255
4 0.3874290246902763 0.5538993414063376 0.056645068733775616 0.11690819732127881
4 0.45265538265677896 0.685279563738045 0.04943353027223702 0.11686624181783446
4 0.4778364564461522 0.26718514756649925 0.05294140001468465 0.10847375803109503
1 0.3337858164202094 0.075254253434657 0.055750829763006084 0.14334351242967908
1 0.642208745715591 0.5529779230408599 0.06549208514908991 0.1542167607932459
11 0.651918661558041 0.14801375712467169 0.06700169233216695 0.18066606106946104
8 0.8437393826200673 0.4171404389519794 0.09141776618272601 0.21325783582453212
9 0.7714315672892957 0.8133275289665213 0.07398946053468446 0.16147724734213617
12 0.8062254994981115 0.08521387737180297 0.05559698770992911 0.13012235858352522
7 0.8153941856607683 0.15016667161300093 0.057022681045873144 0.14936012039820182
7 0.8696667477843314 0.6828982980462199 0.07513544104685202 0.15667654761835118
9 0.6481047918400679 0.33668071728205773 0.06782600309699195 0.14822113057644543
10 0.5814518984723072 0.08270434110419642 0.05419926565636297 0.11328844292269473
10 0.5797621620844041 0.2473468248909358 0.05183737642608317 0.11688022698564918
10 0.7266616625862927 0.16767806655769962 0.052983356938251146 0.11207952726186426
10 0.7443565374822357 0.3456535855331112 0.05294140001468479 0.10847375803109503
10 0.7455732882656616 0.45022089322541886 0.05907688616999925 0.11932602864293976
10 0.757915872912863 0.684651833896678 0.05784699181069842 0.116915189905186