2 0.7668269230769231 0.26407665314830475 0.0829326923076923 0.21562671905884123
6 0.8040865384615384 0.5118895770955879 0.07572115384615384 0.14467130201693534
6 0.7295673076923077 0.053523344585636894 0.057692307692307696 0.09889333633524743
3 0.5829326923076923 0.30267024934893433 0.0625 0.1518059220554924
3 0.6286057692307693 0.6442821213835692 0.07572115384615384 0.16510399432462763
4 0.7379807692307693 0.7831396003652963 0.06490384615384616 0.12417567645407629
5 0.5012019230769231 0.39714667672015425 0.07091346153846154 0.18791256245053653
4 0.5637019230769231 0.12948144492949287 0.054086538461538464 0.12050697396814061
4 0.6778846153846154 0.3128380480930033 0.05048076923076923 0.11688022698564911
4 0.59375 0.5214831826041009 0.056490384615384616 0.12052095913595551
4 0.5276442307692307 0.6557139751045786 0.05048076923076923 0.12048599621641834
4 0.4963942307692308 0.2240417833076016 0.052884615384615384 0.11208651984577173
1 0.6430288461538461 0.05301987854430422 0.056490384615384616 0.09888634375134003
1 0.3293269230769231 0.5175409679906271 0.06610576923076923 0.1590384382687531
11 0.31490384615384615 0.09918782621450759 0.06610576923076923 0.1866826690379838
8 0.1201923076923077 0.3744973353138167 0.09134615384615384 0.22048335945388536
9 0.19951923076923078 0.7848146150824744 0.07451923076923077 0.16629892481764313
12 0.15625 0.051389805138731 0.057692307692307696 0.10129718248909358
7 0.14543269230769232 0.0994037949604875 0.057692307692307696 0.15418179787370895
7 0.09615384615384616 0.6495978682510534 0.07572115384615384 0.16149822509385842
9 0.32091346153846156 0.293934327595583 0.06850961538461539 0.15304280805195253
10 0.3870192307692308 0.04792468894125916 0.057692307692307696 0.09168179787370895
10 0.390625 0.2029937436160583 0.051682692307692304 0.1204929888003258
10 0.23677884615384615 0.11796407749129592 0.052884615384615384 0.11569228907654089
10 0.22235576923076922 0.3017743972536379 0.052884615384615384 0.11208651984577173
10 0.22235576923076922 0.4111493972536379 0.06009615384615385 0.12414770611844685
10 0.21153846153846154 0.6526730024600098 0.057692307692307696 0.12052795171986283