1 0.6094257723516845 0.14768774880034585 0.06149570679218641 0.14972375795671292
2 0.7885840628102538 0.29157056113202307 0.09269766420931583 0.2161791682172023
6 0.5256417276457808 0.2356370759682485 0.06832961163748927 0.12817305641923035
3 0.44519680007332024 0.23950773031629097 0.06847646915491418 0.1365865179576919
3 0.45598642107355514 0.788800562111326 0.08460498064322818 0.16561448513930033
4 0.7697093237958247 0.7936527375385267 0.06972035152253014 0.13900434975272694
6 0.5768330750495139 0.07040104520636004 0.06592576548364312 0.12814508513685274
4 0.6992580382095333 0.3373966380428628 0.06090827672248677 0.11606991180286673
4 0.5597206262441836 0.6734447600744021 0.059874190808334976 0.1256713107770626
4 0.6246785982730774 0.5396125713655906 0.0659047858382966 0.12694316205992967
4 0.49905864572822556 0.15842030058020667 0.053675758615601796 0.11478407487881086
4 0.42346336975415017 0.16475074364685052 0.050174887611564585 0.12075173333985981
8 0.1632152422550099 0.400856594893006 0.09029381805546989 0.21615119693482468
11 0.3471547858382967 0.13021580209810973 0.0669118088149246 0.18463546975223735
9 0.2446157966978649 0.7959544738774812 0.08823172951934379 0.16685836513978977
12 0.19346157280174514 0.06834347182097782 0.06358485826583624 0.13172288308524438
7 0.1825962225265672 0.13430938463985903 0.06396249188207169 0.15335749846985974
7 0.36309112699512974 0.4236109036380397 0.06632437874522495 0.1509816235983912
10 0.41579636238716794 0.06972889236398343 0.05365477897025528 0.1135821518018878
10 0.2718112656083783 0.15096932208783048 0.05601666583340868 0.11120627693041925
10 0.2617370585641868 0.3311039415732152 0.05734446678241029 0.11843180103314652
10 0.2635203284186321 0.4332674031116767 0.06105513423991154 0.1244833733413284
10 0.3643228427783908 0.5630199949199278 0.061076113885258056 0.1256852964182515