1 0.6230349713779669 0.16821619292619855 0.0653426636856592 0.15198900410087235
2 0.8059142641297914 0.31642095275708837 0.09774117701683457 0.22017100615130852
6 0.5384424926662855 0.2558074392466172 0.07179870473030903 0.13056422305451545
3 0.45687961175038044 0.2582370090540462 0.07213448136003738 0.14017960766990015
3 0.47867455827103844 0.8135954153719271 0.08756488817229921 0.16944543019257124
4 0.7948222995805238 0.8239950769425158 0.07337837651567643 0.14141650313653287
6 0.587770919027069 0.086743092250189 0.06840279589311994 0.1364689212700016
4 0.7162469934322793 0.36183997421607006 0.06416744548160999 0.1183351579470262
4 0.5815324484030201 0.698919496517634 0.06334327111313123 0.12911749324962413
4 0.6440972958157996 0.5650606426490724 0.06815096342082355 0.1292573828084631
4 0.5104739229343581 0.17694801906271235 0.056913934941355555 0.11692340053184457
4 0.4350046015605005 0.1819562969725363 0.0523161030272434 0.12279312635762096
8 0.17545411530729502 0.41694591560572253 0.09533733086298841 0.22010106137188898
11 0.3569063064333744 0.1460642178772658 0.07140951835483282 0.1881865859674037
9 0.26386610413153605 0.8169507422292657 0.09237258047999151 0.16958531975140984
12 0.19971765349577927 0.08025470268163054 0.06711692865876472 0.1340301027264457
7 0.19004885913464692 0.1472126710922253 0.06667050299873042 0.15562974572135133
7 0.37804874548982864 0.4420520463077305 0.06899040499514442 0.15329584434692478
10 0.4244352968016786 0.08559261648043161 0.05687196286263958 0.11572147745492149
10 0.28073872692718627 0.1654606003204569 0.05798994178213043 0.11335260369078512
10 0.27389732904587094 0.3477682117259573 0.06064562040827285 0.12063408693174302
10 0.2775069278154506 0.45113359634134187 0.06446125003262236 0.12674861948548774
10 0.38055563254575947 0.5826071015283111 0.06450322211133834 0.1279505425624108