5 0.17444066694038438 0.30077278356510606 0.07591999415427363 0.16430067693286665
2 0.1678425701438031 0.37775180305293815 0.08025311520865401 0.19559263385643313
1 0.14195674903712563 0.5090271456201408 0.06208338876506424 0.13770452718748225
1 0.20653092398360023 0.21268275792000133 0.05355802694604715 0.1327989353914682
3 0.21916661123493578 0.1344318871493021 0.06398368365641033 0.11609788308524438
3 0.12101849558883494 0.6342369302379729 0.07863056114059841 0.12588109539489467
6 0.22213096373060892 0.05869674766195943 0.05056670431928429 0.10753057949370601
6 0.10363006123103569 0.7618086040860846 0.07399071925373943 0.1330366912916779
4 0.20934334185998868 0.7629817138153161 0.056548344633760766 0.10639858462272701
4 0.22796167436484988 0.6341941312490924 0.054144498479914614 0.10637061334034925
4 0.2449584577407047 0.5234493804779038 0.04802298281474368 0.1014929928267131
4 0.25949544482243553 0.41513644714293874 0.04925288096180566 0.10270890154482479
4 0.2750944796303951 0.31281914355140034 0.0503708788283121 0.09911711795524443
4 0.2878980173025639 0.22735673431916267 0.04441721358397452 0.10145103590314661
4 0.3006735799045939 0.14309624816384806 0.04542331116992534 0.09305156000587383
4 0.30749547726228627 0.0565018440606313 0.04430531330341891 0.09664334359545429
11 0.7950526006847753 0.27552734655783717 0.06896023132398509 0.17503407077804162
8 0.8085794704243587 0.36548976399161354 0.07197952902088699 0.20150434975272694
7 0.7932372359428951 0.19864622655832667 0.053669927226602764 0.13760662769916052
7 0.8199812397724355 0.4951296286050401 0.06088146568814123 0.13769054154629337
9 0.7771386696286323 0.1159233188684664 0.05596187309989303 0.13282690667384583
9 0.8111741173739311 0.6153918645032918 0.07195054901169885 0.14863372000930042
12 0.8329176182219544 0.7653385506537116 0.06935087736688043 0.14019228718846113
12 0.7788731239772436 0.04608228507689047 0.05042682896858963 0.09216457015378093
10 0.6995182258301816 0.04712379431279933 0.043215290507051446 0.09424758862559866
10 0.6999358420041665 0.1288376306737806 0.04662523424684814 0.09306554564706265
10 0.700213582827457 0.22015581323755684 0.0456471117310363 0.10266694462125849
10 0.7041810180919335 0.3078262696469975 0.05288662526271373 0.10395278154531436
10 0.7004893137726492 0.41481140913434006 0.05168470218579065 0.10393879590412561
10 0.7123666593130872 0.5240185814400745 0.05900814092788473 0.10883040205895064
10 0.7086749549938028 0.6310037209274171 0.055458321837393174 0.11119229128923044
10 0.7188748012649566 0.7606575711820326 0.06021006400480781 0.10884438770013952