5 0.21685042124263593 0.2970245872862391 0.06215117215977949 0.1477045772972825
2 0.21252521722455414 0.37987336101254576 0.0816196892434003 0.18890563623820983
1 0.24285918873268494 0.22296690871462949 0.05363981444661438 0.13073079670293458
1 0.202491078929875 0.5142999288198127 0.06085135290815284 0.13085667457501307
6 0.2592036235199976 0.14032793144178698 0.05717565783830968 0.11877450486974306
6 0.17910292769480154 0.6256591820667304 0.07409348450602887 0.13469321990459285
6 0.26240382288413766 0.07067933191628778 0.04992216387332679 0.11143708853612612
6 0.16662998032673929 0.7540341751986891 0.0776852685689833 0.13235231268678596
4 0.34773336876176875 0.07096696365896019 0.04262671440489955 0.09688813374097069
4 0.342192256498949 0.1513909115860743 0.04502356797483824 0.09572816995474046
4 0.3318644296801593 0.2353367101625719 0.04744139929649931 0.09817397539927943
4 0.32271754818657034 0.3156977191536467 0.046302409474742706 0.1089703034462406
4 0.3088608705599926 0.412801732640259 0.04388457815308177 0.1065244980017017
4 0.2962550640976898 0.5183401873106792 0.045107478981727095 0.11015124687781744
4 0.2836982057227388 0.6322921035195608 0.04870625562858893 0.10901226273693364
4 0.2699953649421239 0.755838424698481 0.053576881191447774 0.11991348901062683
11 0.8321860885398996 0.29935270416514226 0.0670917235617124 0.17062503434020676
8 0.8471126315043092 0.3861429214477608 0.07085132963844441 0.1971302809685536
7 0.8269238782782262 0.2211437855837566 0.05485572269135238 0.1331556225021272
7 0.8622629371537555 0.5113946771919178 0.062116209240242665 0.14169496191266726
9 0.8192718070305217 0.14529675386552426 0.05719663559003207 0.12238027410051232
9 0.8678747766107986 0.6496997496194573 0.0705226781947966 0.14063989635316895
12 0.880642213858121 0.7785153153036907 0.07055064853042617 0.14544758866086127
12 0.8092088970450637 0.06820583977967601 0.05350695535237385 0.10789425824139613
10 0.7347036514436477 0.06930894792204441 0.048601366869977895 0.09098341658308738
10 0.7351861397332582 0.1522416402297367 0.04982426769862322 0.09461016545920302
10 0.7368985214354213 0.24000300449046774 0.048657307541237045 0.10059880119847203
10 0.7446205185221999 0.32786926697793084 0.058279684740529254 0.10196856143816632
10 0.7464307963990666 0.43245755431558497 0.05951657073698923 0.10799915646812809
10 0.757856458891318 0.5372136788160103 0.060669545726560484 0.09960667457501306
10 0.7596737293520921 0.6430038892305875 0.06312933255166578 0.1092640184810907
10 0.7712182657707692 0.7681927060387053 0.06312233996775846 0.10806209540416735