5 0.22851422713499583 0.2515922550091928 0.06911632123129262 0.15690161357769394
2 0.22672852449485864 0.33799082698881533 0.09101803629404645 0.19956345189506747
1 0.25459022378589086 0.17310466928530385 0.060031306433374385 0.13742603761895644
1 0.2196200269354049 0.4782661030917178 0.06844476797183592 0.13767084434692464
6 0.26835318511654277 0.08585389812585578 0.06321735487698318 0.12551172401885488
6 0.19973680118983156 0.5965570399129073 0.08183381013285394 0.14286323294142442
6 0.2691620922791793 0.04025076598219838 0.05510913555656562 0.06524070822415227
6 0.19005656916166752 0.7319546789286979 0.08535563520619108 0.1405643039567076
4 0.3591384347335459 0.03806600290273767 0.04640186946709184 0.05658243995772246
4 0.35526939536344876 0.09918921787726583 0.049156759456508596 0.10108856619358605
4 0.34751604941741215 0.18661485098526265 0.05284647284470978 0.10359732951656152
4 0.34088068239086655 0.27167161032912307 0.05206427055494714 0.1155815878960825
4 0.3288233090817302 0.3733804308013578 0.048332585088029845 0.11187090149618392
4 0.3195055585561684 0.4847745806683967 0.05090431955674017 0.1167485385832958
4 0.3080777664277727 0.6045122472944775 0.05446811670879329 0.11565153267550207
4 0.2981876740060284 0.7339002709256527 0.06085548080185307 0.12664370231635866
11 0.874813065889883 0.26079201605765623 0.07592340611151262 0.17991301398778112
8 0.892426020795379 0.3525578385803271 0.08053650523146717 0.2088640850030643
7 0.8671512722294997 0.17892135726804798 0.06135914574644538 0.1410667792394354
7 0.913827900452351 0.4840570674208791 0.0700664118359193 0.14972504750586518
9 0.8559256814170632 0.09814770438623355 0.06334327111313123 0.12911749324962415
9 0.9225122912077612 0.6295946768977007 0.07843790129566486 0.14876793115691045
12 0.9404343178701118 0.7645947577998926 0.07740386653360623 0.15354065107489298
12 0.8446314136530368 0.049791002191632426 0.059455134998381384 0.05215944393683746
10 0.7663804974168887 0.043912027629729136 0.051991764064546794 0.04473807113704046
10 0.768521073431407 0.10521010455280606 0.05512440276240774 0.10006150506521178
10 0.7729548465694653 0.19779315386559274 0.05413234007906508 0.10603614806011738
10 0.7845581860903461 0.28938411443971485 0.06503359192880473 0.1087547457213513
10 0.7884196173322221 0.3999610375166379 0.06524345232238514 0.11476436110596676
10 0.8042583072646128 0.5096857614137354 0.0661095987695796 0.10518394888029192
10 0.8093636336621279 0.6214995799572913 0.07009311670879342 0.11610617374172896
10 0.8247978700132003 0.7540258699262176 0.0700091725513612 0.11370232758788254