5 0.7934448467220652 0.2598256509725745 0.06459697381706994 0.1556996905007708
2 0.7987560050710901 0.34650400206987503 0.08527440656152134 0.19836152881814437
1 0.7641511675058379 0.1820632366964635 0.056078623519997435 0.13742603761895644
1 0.8115933681574865 0.48747872596697267 0.06329016198153589 0.137635871957215
6 0.7468137858036746 0.0938332386251423 0.05960747432778554 0.12430980094193181
6 0.836317102918873 0.6059666352996292 0.07773421665633534 0.1416613098645012
6 0.7441582066291622 0.050494063076492006 0.052018336335247446 0.059196120449827146
6 0.8503214261626554 0.7409667162018211 0.0801240776423663 0.13932740849007474
4 0.6539929981082093 0.04426536461749117 0.048370611601033994 0.05187966481915943
4 0.6603382575203797 0.10213253425834766 0.04624646880348356 0.09988664311666301
4 0.67165903125402 0.18898574730419698 0.04987321578597504 0.10359732951656152
4 0.6829728124037531 0.2746370372731232 0.048741218548126033 0.1155815878960825
4 0.6979902589589588 0.3772201674881019 0.045114471565634556 0.11187090149618392
4 0.7118547305245934 0.4881817868518322 0.047539295471202954 0.11554661550637271
4 0.7281650037475184 0.6064248894565206 0.051138072118064586 0.11444960959857899
4 0.7433432797325943 0.7366522504407299 0.05600869768092364 0.1254068068497258
11 0.14916512940394414 0.23266698854968443 0.07073944829592599 0.1787110909108581
8 0.13526649627392207 0.3223915506423981 0.0745060469565654 0.20646023884921816
7 0.15349732600593335 0.15107610887775424 0.057294531764735396 0.13986485616251232
7 0.12040368791982849 0.4529465249607867 0.06576393397445611 0.14972504750586532
9 0.16144927700650663 0.07199399252879944 0.05963544466341498 0.12911749324962413
9 0.11763702875794704 0.5970723770224267 0.07416341034510286 0.14756600807998738
12 0.10519205172551441 0.730101142274081 0.0729894576038094 0.1523387279979699
12 0.17079894343341007 0.02660069472340055 0.05554019455912783 0.04487796069587949
10 0.2501118813425184 0.02650502629039821 0.0531083780696521 0.040000323608767666
10 0.24924560229315043 0.08416236159299614 0.05225608418809895 0.10006150506521175
10 0.24857511559318962 0.17547354304944024 0.04988020836988237 0.10479925259348459
10 0.24069309043169035 0.2665748901676258 0.06071150123000491 0.10751785025471851
10 0.2413294155672636 0.3759498901676258 0.06194838722646496 0.11356243802904367
10 0.22994650993360602 0.4849751662705283 0.06309436963212889 0.10398202580336885
10 0.23058982765308667 0.5955520893474513 0.06676307211806473 0.11490425066480561
10 0.21933278852976232 0.7262119808349692 0.06555415645723418 0.11366735519817303