10 0.7156460297213996 0.17181096625125425 0.04317217334622333 0.09544142051853122
4 0.2916731835430791 0.3471904677324457 0.045659933347202204 0.1026809302624473
2 0.20208837842140043 0.2980646215663624 0.07577878054153714 0.21239158565097854
4 0.46936284201636524 0.2627078954487383 0.04434612514076865 0.09305156000587388
10 0.7212788748592314 0.10095344727754793 0.05653318360426514 0.10761449334083882
4 0.40546596202811297 0.17541420928608137 0.050453640013705635 0.1015349497502794
1 0.23978239074818278 0.15785919080202648 0.058014819504964205 0.1316669405204891
11 0.7139406235616796 0.2150662113792962 0.07365380514615302 0.1330506769328667
10 0.7161058717500021 0.3389062452259396 0.06037670873524393 0.1280891425720975
4 0.32228237024433626 0.09270444517209588 0.04434612514076865 0.09305156000587388
10 0.5704642368897918 0.25186345853936704 0.04814769334818108 0.10992044000636338
8 0.8305534491749675 0.42077771293391086 0.07426917335846038 0.18593529231748201
7 0.8046163086960849 0.17044205754537958 0.06909785437985914 0.15462934975272685
3 0.46596601533811405 0.3480164626278992 0.06521237232531386 0.1305489312906989
12 0.800563841012588 0.10548226882677819 0.06906988309748166 0.1522255035988807
10 0.5451234265901435 0.570121332382584 0.06262671283601325 0.11489596000832127
3 0.37716356405769436 0.3349622944106969 0.06177443078881021 0.14493005129020944
5 0.2642378953263663 0.4322193220878305 0.07637932104734166 0.16072287898447504
4 0.42613219990944473 0.6721161241614659 0.06015293847622311 0.1088583733413284
10 0.7349285311903538 0.6841238954854499 0.05412933745041871 0.10758652205846121
6 0.25751838050237813 0.0799299897786697 0.05527531796258682 0.10279281539195771
4 0.3758061147970663 0.5549282031288088 0.0566730400161531 0.11963372411006959
6 0.11578346245657836 0.7935218143759433 0.07623946463545363 0.14870364821524426
7 0.8528009065759482 0.6782829498604143 0.07380764719922986 0.14627183077902062
3 0.15470821120797543 0.5475471528423766 0.08441517027370547 0.12836885539587356
9 0.8313349609509125 0.5602287611393654 0.07507949848209705 0.1522954318048246
9 0.6368348912378342 0.3331755005997862 0.06419226258384524 0.14615994564951015
10 0.7257623712236391 0.43879173138125416 0.0652263579665026 0.13175085436762196
4 0.4502143025021007 0.4620313272413258 0.057819020528320934 0.11484001744356603
10 0.5376304911742007 0.8008346205870596 0.065128458478181 0.12333739282916029
12 0.6313944768153896 0.800723577522863 0.07264768104587314 0.149863614368601
4 0.22156667886699793 0.793550627723635 0.05784699181069856 0.11724386359741218