10 0.7376150834408653 0.14484518510446706 0.04556318652061993 0.10006868714146984
4 0.2945490494222754 0.3170253763731114 0.04813488309529923 0.10736416976044041
2 0.2019460272979699 0.2644727080794139 0.08084059168157072 0.22259616403603374
4 0.48054141045192283 0.2333028736474352 0.04673713452740403 0.09890873614326284
10 0.7427874565994124 0.07766340903292289 0.06250200987809834 0.10546398855118676
4 0.4153318484046473 0.140808206470106 0.05411652340977578 0.10637210707709753
1 0.24261860123952983 0.11913922713499583 0.06208338876506417 0.1390758626263169
11 0.7341481846217413 0.1904343178701119 0.0777083887650643 0.13962149964962547
10 0.7359625444245724 0.31920797541574536 0.06437533463835485 0.13435211447605674
4 0.32946579348856836 0.05721539856998873 0.04777120718349369 0.0917391697604404
10 0.5853884688456195 0.22493521372650013 0.0507345547401175 0.11586157545633405
8 0.8541965972071578 0.40753979867196494 0.07899524199145319 0.19490996118808687
7 0.8302191105042199 0.14567318901175622 0.07343222279001083 0.16229014979629972
3 0.4760674091077989 0.3221612371823108 0.06926695215646379 0.13812577202169002
12 0.8254124231355768 0.0937806363104837 0.07513669219038487 0.13232601703065489
10 0.5548587860958863 0.5546665903847414 0.06647145502067311 0.12121490478733485
3 0.38379908288611086 0.30691015635194474 0.06599688376736126 0.1524229327086188
5 0.26483466346276674 0.4050023262549501 0.08078363660224373 0.1685515976532114
4 0.4297448759372324 0.6585585152787821 0.06392773351613265 0.11512134524528725
10 0.7516644350616447 0.678220493913143 0.057890143061378296 0.11370956177478429
6 0.2610401033143696 0.05121722085240506 0.058420664454968026 0.08490538000734633
4 0.37968574263664484 0.5353175130460455 0.06057373991661335 0.12581273670144702
6 0.1058101068237707 0.7771596625692909 0.08050388590085483 0.15653236688398062
7 0.8732265162517089 0.675248135401925 0.07804408960673087 0.15404457657270226
3 0.15023033522489274 0.5224931537035888 0.08961571925373943 0.1352335281290936
9 0.8532434349443373 0.5518545120601662 0.07938588803434826 0.16009616403603388
9 0.6531417523974355 0.31150420967664605 0.06842870499134626 0.15370879994297404
10 0.7443739960849356 0.4229511087395743 0.06926695215646379 0.13812577202169016
4 0.4576728771640488 0.44060598477438684 0.06046183963605774 0.1210050443937547
10 0.544456079760416 0.7948833174544927 0.06907112666549153 0.12971231048322862
12 0.6418398240613242 0.7970811327535691 0.07810003974700883 0.15644842272654869
4 0.2164150049708327 0.7798191707342438 0.06171971285325862 0.12345086262631683