2 0.7754412348016028 0.2623516693761882 0.08173478898696593 0.20717829460084272
5 0.7051732097544341 0.3937878323791549 0.07776534384439114 0.19153231684912056
6 0.8656514651016032 0.7811279206529765 0.0874916238012822 0.14472025010428716
6 0.7283663895544338 0.04966183555845421 0.06730970218579066 0.09932367111690842
1 0.3367723114900646 0.5245543100373102 0.0720904243623933 0.15424473112887546
1 0.6394800320024039 0.05231217029503616 0.05900814092788473 0.10462434059007232
3 0.597445724075481 0.31026856437839057 0.06485091083071601 0.153000852548508
3 0.6486878498342954 0.652564908280801 0.07427046995512836 0.14464333168130578
4 0.5941237253022974 0.5290675124657424 0.06538143222430566 0.12416169128626163
4 0.7515247229341887 0.7841960622780255 0.06890327624465825 0.12057689980721466
4 0.68046234159359 0.3133918453195493 0.0495606067333334 0.11565732615700391
4 0.5621113638352031 0.13496960232921365 0.04833070858627135 0.11444841049617345
4 0.4867518760227565 0.049143437558479316 0.054032598199359134 0.09828687511695863
4 0.4981316999349895 0.2267003482902744 0.0520483780975962 0.11927708055558793
4 0.330956511718323 0.4296233647121093 0.051908502746901744 0.11326746517097255
4 0.5393967750447121 0.6568070026471436 0.056939995615705286 0.12291082012198674
12 0.15270118584855774 0.05372991668226115 0.06021006400480777 0.1074598333645223
12 0.3294818725133553 0.7794389207679837 0.07329234743931637 0.15425172371278306
11 0.23988508387831214 0.18372560740030378 0.07631164513621815 0.18070801657290547
8 0.12307876461185928 0.38154724299033566 0.08290873699375016 0.20598336410782705
7 0.14317073138263897 0.1085568676828344 0.0635370874732373 0.1481861676569084
7 0.11028226151303475 0.6581014320251618 0.07678621638953002 0.1494650091568127
9 0.1277775714561436 0.5317806350218128 0.082655956423451 0.14349035669173452
9 0.32547540784919893 0.29742581141838564 0.06454318505918813 0.13977969870235418
10 0.39308881605032064 0.20687601078252577 0.05439627411116468 0.11688721956955657
10 0.3833305412670941 0.04673804359744367 0.05269079977174147 0.09347608719488734
10 0.23728440729444455 0.12363644613805734 0.054144498479914614 0.10606991187724892
10 0.22842736438995753 0.3112133645610387 0.054368299041025706 0.1156852964926335
10 0.22097108487051337 0.6622658066133733 0.06415153407724368 0.12295277562543123
10 0.22840139919791705 0.41339081126731503 0.06048981470619671 0.12052795171986283
10 0.4165468356892099 0.543323568730191 0.054480199321581324 0.12049298880032594
10 0.4368167022713148 0.7944415808002254 0.06540940729444464 0.12536361436318472