2 0.7966397702957325 0.30351002746709566 0.0780847272070617 0.20444671765682412
5 0.7272367580056618 0.4320799206993495 0.07431113028202674 0.18996070179770802
6 0.880708667800974 0.8156910121069204 0.08338107489104811 0.14325353896047943
6 0.7531590707780415 0.07803710414070218 0.061550660529789525 0.12604898226732075
1 0.36332063494587075 0.5519040315909624 0.06906988309748154 0.15261716783170698
1 0.6666485805219577 0.07893041582960642 0.05684086771041855 0.13437852522439664
3 0.6217044410713265 0.347321999246519 0.06184435899475433 0.15128936688270536
3 0.6676737426553104 0.6833928252951821 0.07136184412181734 0.14304374250701513
4 0.615780423664472 0.5611174494214018 0.06271062668314624 0.12246419268189804
4 0.7677558698525824 0.8161227715982035 0.06628842463153771 0.12012328546409115
4 0.7034771672256622 0.3523543843608445 0.046987727194824365 0.11377799575393291
4 0.5896424318170619 0.17372058503593557 0.04578580411790129 0.1137570161085866
4 0.5152482297532164 0.0798927497467273 0.05175346257895031 0.11025614510454947
4 0.524585585675453 0.2627109353111135 0.050635453349160094 0.11744670392074155
4 0.3586239857023748 0.45809109265492304 0.04936360206629304 0.11141610889077966
4 0.5595566082969887 0.6863123495216968 0.05428317950349582 0.12111541208754992
12 0.18710924411202756 0.07296338349023285 0.05552705950398526 0.12474216096366562
12 0.353008494466988 0.8016732554921516 0.07027180617440461 0.15263814747705323
11 0.27166427079762107 0.21383405594221244 0.0729693507932157 0.1779204913831308
8 0.15373763697789958 0.4064476298691094 0.07927266464279595 0.2032657742252475
7 0.17706114668510406 0.13888033591288435 0.06058649335307601 0.14646069492966668
7 0.13766762265579996 0.677746570928182 0.07382163284041866 0.14789339410540017
9 0.15786171699796858 0.5543261276213406 0.07976132001909 0.14198867694751696
9 0.3535077672232148 0.3282204614111915 0.06169051694167749 0.13806821303655153
10 0.4221983538779706 0.24169689622589896 0.05180940514370555 0.11506383741224177
10 0.41423074872692267 0.07332276722993612 0.05056552514321611 0.11143708853612609
10 0.26857512822552354 0.1548978658822888 0.05169752001419521 0.10544845279685716
10 0.25869570055817975 0.33858230019805546 0.05179541950251681 0.1138619143353187
10 0.2470985652205552 0.6844634109623982 0.06149471796503422 0.12124128995962845
10 0.2574666482641931 0.43950187936890106 0.05787496309307617 0.1199764279466661
10 0.44046748212796855 0.5724774981239021 0.051851362067271915 0.118669606643011
10 0.45894555293048445 0.8179425412057133 0.06273859796552372 0.12486803883574392