2 0.8032508754766283 0.285075626254323 0.0917315616322189 0.21901665209732604
3 0.615525747877206 0.3291928558984019 0.06555252407923937 0.15729898226732075
3 0.4317955249346293 0.8092724881400151 0.07815936395049487 0.17433570179770788
6 0.5986530741321562 0.06113359328366879 0.06711692865876465 0.12226718656733758
6 0.5337911491076264 0.43392191746130354 0.07131030699155862 0.15019234203251444
4 0.7574747067020671 0.8047889273280597 0.0719665930451732 0.13458832167786083
4 0.710351754717981 0.3311412331468044 0.06064562040827271 0.1199764279466661
4 0.6223518785526791 0.5464891770773218 0.058493606726722956 0.1271460071175118
4 0.5455775931998137 0.6811614173365683 0.0668231241077524 0.1248890184810907
4 0.5330013386896424 0.2501535645641513 0.061595711012899665 0.11278586913047409
4 0.5112446366076894 0.1508345217318106 0.05819980217571072 0.11873254557905023
1 0.6246870987043351 0.1356412812230937 0.06095469216512747 0.1632246790705505
1 0.3483973611716497 0.5488686900624585 0.07894156624025737 0.1623374506738236
11 0.3559180223394423 0.12711956793453694 0.06917356051585084 0.19219671078878284
9 0.21395364346054002 0.8214832654861779 0.08545484656946528 0.17686542582363257
9 0.3516483079774376 0.31818337787461337 0.07002443975720332 0.1477675162333219
7 0.3560744220378751 0.4322192126648808 0.0653426636856592 0.15128936688270536
7 0.18031133687252496 0.1337883653858828 0.07989165684488427 0.15514689185763159
12 0.19691696188883612 0.07103660964172581 0.0658730335031256 0.1320795772972826
8 0.14906511546193574 0.40940638361750287 0.09177353371093523 0.22021857517424911
10 0.42673610205344004 0.05981795891902202 0.05940172525263366 0.11875352522439665
10 0.2770375249225535 0.15011786026666932 0.059233836937769554 0.11394583291670433
10 0.25499079687899895 0.3342848264254034 0.05670407454777527 0.11029810439524222
10 0.25009533087506414 0.4400750368399807 0.06188951556391204 0.12119933066893569
10 0.2305478308098195 0.6902638536480984 0.06806701926339152 0.12611192120336