1 0.7315205578895229 0.6537261775326529 0.07991784061132443 0.14511186462566392
2 0.8092331153943348 0.3926999272878272 0.09156162382987477 0.2149352882167127
5 0.6062387562170469 0.312239325209297 0.07039451133827758 0.18945714770111854
6 0.873413812655201 0.7815364493462884 0.09190209899084542 0.1440497979606288
6 0.5871900751161554 0.07051293033587047 0.054082925370874065 0.12438547385300666
4 0.6701320161599748 0.15438266060321262 0.05012743224300701 0.11232428616020947
4 0.6859061544549406 0.2422768872716741 0.056102075237912885 0.11119229128923044
4 0.716602231865047 0.430070585736639 0.061014684714734264 0.11485400308475491
4 0.7281981808670963 0.5395434852249607 0.05984773402752097 0.1160419405204891
4 0.6633220809216309 0.7875024236767094 0.06493520545289154 0.12571326770062924
4 0.5127058167366344 0.07084774365908772 0.051434272489059435 0.11594404103216754
4 0.5223489475603998 0.3196737918645423 0.05369822908406673 0.11116432000685282
3 0.5916922646525868 0.1426562862336327 0.059450175913922335 0.1436721856485311
3 0.44352088667554024 0.41848238364831897 0.06457261972900241 0.15454543590559394
11 0.35630870099646644 0.31173415799587195 0.07499236930771147 0.1823015518043352
12 0.2534313393011518 0.7815313969544041 0.07497025874479306 0.14024822975321635
12 0.18193216385482 0.05858823079370517 0.07059509694040923 0.11376396513734224
8 0.15404514891241886 0.38027006053223683 0.08407030625065832 0.20523598975419538
7 0.14470593032404783 0.5135296800176216 0.07153935146257263 0.1462158882142654
9 0.35429316422009205 0.2011712205601377 0.061679160119219714 0.13769054154629337
9 0.15308080638213512 0.6361817764285307 0.08373344418035218 0.15236536001076872
10 0.4346085629450152 0.31865284005775957 0.05493512455069945 0.11238022872496477
10 0.2660667792394354 0.059567225676921416 0.056067102848203106 0.10999036821230736
10 0.2733667599526472 0.2278644277285298 0.05490015216098974 0.11117830564804163
10 0.26485401689051885 0.4308216000342642 0.06691938293022051 0.11131816205992966
10 0.25725416905150855 0.541272652340488 0.06207671823281849 0.11006029641825134
10 0.25923473343817316 0.6506336666992992 0.06469039872492313 0.11729980616216742
10 0.46132905921913436 0.7827489898031441 0.06253135929904524 0.1256852964182515