1 0.2673113329063286 0.5949519230769231 0.08115473607795728 0.14543269230769232
2 0.17551776417527692 0.3317307692307692 0.09159659621958455 0.21514423076923078
5 0.3739657126902967 0.2536057692307692 0.07042948372798737 0.18990384615384615
6 0.13279725236940873 0.7223557692307693 0.0919370713805552 0.14423076923076922
6 0.3784879902348486 0.037259615384615384 0.05505290354662024 0.07451923076923077
4 0.2996028463973609 0.09375 0.05136432770964001 0.11298076923076923
4 0.2901366000769422 0.1814903846153846 0.056102075237912816 0.11057692307692307
4 0.26918495756906596 0.3701923076923077 0.0610146847147344 0.1141826923076923
4 0.26519087896082494 0.4807692307692308 0.05984773402752111 0.11538461538461539
4 0.3445805206358386 0.7307692307692307 0.06497017784260105 0.12620192307692307
4 0.45417417169129265 0.036057692307692304 0.052579112613354524 0.07211538461538461
4 0.45834513480288036 0.2620192307692308 0.05373320147377651 0.11177884615384616
3 0.3786150179668961 0.0829326923076923 0.05948514830363212 0.14423076923076922
3 0.5441805354564824 0.36177884615384615 0.06457261972900241 0.15384615384615385
11 0.6252026081569295 0.2548076923076923 0.07502734169742126 0.18269230769230768
12 0.7568051636307442 0.7295673076923077 0.07620715421142585 0.140625
12 0.7869320020504362 0.030048076923076924 0.06905631179318004 0.06009615384615385
8 0.8328297976933611 0.3269230769230769 0.0853072017172909 0.20552884615384615
7 0.8511348098742206 0.46033653846153844 0.07153935146257268 0.14543269230769232
9 0.620783225226709 0.14423076923076922 0.06171413250892936 0.13822115384615385
9 0.8499292737066331 0.5841346153846154 0.08376841657006213 0.15264423076923078
10 0.547287442495188 0.2620192307692308 0.05617202001733231 0.11298076923076923
10 0.7015954635888977 0.030048076923076924 0.05703708102394928 0.06009615384615385
10 0.7033183594208027 0.171875 0.056102075237912614 0.11057692307692307
10 0.7248886656714609 0.3762019230769231 0.06695435531993035 0.11177884615384616
10 0.7389584056067757 0.4879807692307692 0.06331361369945107 0.11057692307692307
10 0.7421408930703635 0.5973557692307693 0.06469039872492306 0.11658653846153846
10 0.5463986803897862 0.7271634615384616 0.06256633168875503 0.12620192307692307