1 0.7174132729030731 0.6329785754442584 0.07615555078832077 0.14322726888039483
2 0.796179086201816 0.3810249844892569 0.08535220823335539 0.21082876573909923
5 0.6005864523453829 0.2985043538911041 0.06463980310188688 0.18607677886246504
6 0.8522672554839814 0.7614355531048159 0.08695887283943958 0.14240309451191607
6 0.5871398441095801 0.07216506672112126 0.05168353437300633 0.10512821192145841
4 0.6660899969397195 0.14580671337612558 0.04694577027125801 0.11096993899120962
4 0.6791022082333554 0.2315629726248245 0.05172549129657256 0.10873398115222767
4 0.7064684103094382 0.4151366939701691 0.057777063604754576 0.11254961077657719
4 0.71492467083678 0.5223596802886192 0.0553872030920973 0.11366758969606804
4 0.6480242462541912 0.7615118381846272 0.06032076617048869 0.12465278570323991
4 0.5138085507760836 0.06840284684251957 0.04804979385985948 0.10259844953146412
4 0.5189395969617465 0.3028617909999517 0.0505375538608385 0.10989393215043464
3 0.5890550348871322 0.13350511572291424 0.05570887283943959 0.14131182046529883
3 0.4407594964623053 0.3986493261123851 0.06062845027664237 0.1510950933955476
11 0.35781197644811014 0.29122791706738654 0.06936358156244647 0.17903312871579075
12 0.24897179907454084 0.7463751849739779 0.07129191591587329 0.13825168825783807
12 0.19282516103167807 0.05118668644072071 0.06233301437104844 0.09108288370682588
8 0.15911789850901878 0.3551740135389849 0.07924469336041834 0.20220544380705754
7 0.14739320827006694 0.4833180899038777 0.06654016617293615 0.14289149225066636
9 0.3577691774592297 0.18429873529994872 0.0580427907873419 0.1353861492381155
9 0.1535854790554508 0.6024763628341264 0.07864331078929979 0.15052275149936525
10 0.433603058500208 0.2998817734111126 0.05175346257895031 0.11113782730607383
10 0.2745559302624473 0.054040787793411635 0.052717629755663825 0.09074710707709753
10 0.2787499384884603 0.20797088579699755 0.051725491296572765 0.10873398115222767
10 0.2654325692846129 0.4057425564659968 0.06255678463006926 0.11031365293759521
10 0.2570619067350318 0.5123779336824222 0.05893702975811122 0.10898581362452393
10 0.2583066288008353 0.6193490875285761 0.061410804117901424 0.11507937316657127
10 0.45208281343335205 0.752266543200066 0.05791692001664254 0.12456884154580795