1 0.6112229010091546 0.13944864319325825 0.05849305956496746 0.1517569739681406
2 0.7872097586133163 0.286236294068687 0.091246872322487 0.20362147345742526
3 0.23125479911557148 0.6427763117780304 0.07803858030312459 0.16268616300296684
3 0.3480917799505407 0.42698876328931895 0.07422297673409681 0.155453646789706
4 0.7436402286993558 0.7924137314670799 0.06726910682731813 0.12296676079324588
4 0.6993073738761743 0.3336147601100196 0.05868078334030768 0.11690819732127881
4 0.611736215563876 0.5348114096618766 0.056346881965881085 0.11929805830731019
4 0.5393446649214778 0.6686234484830599 0.06500515023231082 0.12776046793312354
6 0.5870537986479809 0.06326932966549181 0.05786355655019193 0.12653865933098363
6 0.5166500385735764 0.3334757097870211 0.06274119363730381 0.13255417507300093
12 0.19865778285327831 0.06974570002592603 0.061434353391251445 0.12894141325832437
4 0.42655927766630913 0.1669608162233979 0.05383811864290559 0.1156783039087261
8 0.16320184735198082 0.29707698357816514 0.09142173427103578 0.20963108884204062
9 0.2195667947711844 0.7966644211276287 0.09122476175956866 0.16156115834902515
7 0.18612682806519265 0.12870286405032338 0.0720989096979287 0.16505504623727582
11 0.35429114166529413 0.13132967153405686 0.07170135158433001 0.1926922844225992
10 0.27560658342993805 0.15101495871880696 0.05617202001733231 0.11328844292269477
10 0.2559726204401077 0.3301854081872342 0.058750728119727244 0.11931204347512497
10 0.2542368627814114 0.43113995406486527 0.06348847564800006 0.11693616765690838
10 0.35021946007737326 0.5603672619082436 0.06359339281712934 0.12054193688767748