7 0.8166118576041617 0.17172268063330093 0.07019753882681047 0.1425484814340365
7 0.636728180360628 0.4419620135201906 0.05556462756547512 0.13491727429598094
9 0.7486577553453065 0.812115735732124 0.07793366313399538 0.16078716192614123
9 0.6432366579373068 0.34230731530470454 0.06404803388335623 0.13756592717779542
11 0.6557290272450182 0.1610267650275784 0.06880789197454745 0.17733430588538618
8 0.8330962829653162 0.4320375130428807 0.08516731215845205 0.20302933156699757
12 0.8075781417870515 0.11010985220283621 0.06383819954509781 0.13035438871625699
10 0.5878360530483869 0.09649836642441263 0.05005748746358772 0.11073892319868041
10 0.7365649667059918 0.6902668638966666 0.05981276163781119 0.11582639462405098
10 0.73366428091488 0.4592178540097577 0.06324366892003178 0.10992169640856467
10 0.7354000385735764 0.35822134315850945 0.056102075237912614 0.11211570822415226
10 0.7260829305481237 0.18232090525122316 0.05504004171982867 0.11688842814213486
1 0.399264770794176 0.16920264601940066 0.05601926863170188 0.15054227429598102
1 0.6309320124049355 0.5584786072023096 0.06072204377026498 0.1470763946240507
3 0.5397329742989497 0.7988190014610883 0.07181913058025066 0.15700653074682308
3 0.39772959873761127 0.34599025549622225 0.06305594514469157 0.14474249324962413
2 0.2235078355363932 0.29761505582936726 0.08636923523537512 0.2030643039567074
6 0.4292871240636701 0.0882762417519558 0.05528484844779714 0.12530188968059636
6 0.1976415609968975 0.442418245122284 0.07472545201682479 0.1330729863774909
4 0.2355065462785722 0.7947786791722127 0.0658923218018462 0.11840510272644576
4 0.30624355533261843 0.34814004618597316 0.05129438293022051 0.11197581866531327
4 0.5094919699740015 0.18443933664192885 0.04624188389455993 0.10342246756801267
4 0.4803567882740427 0.2762180209913912 0.045179850376475844 0.10819518748599527
4 0.3785631386407991 0.549932482286338 0.0574788602633846 0.11816029599847742
4 0.4408569173932051 0.6828655791049899 0.05500506933011902 0.11568650506521184