7 0.8110584877632747 0.1419740286074876 0.067316505368684 0.13897637847034927
7 0.6356230313465616 0.41679652811783624 0.05399045329579785 0.13281292103265693
9 0.7519043119434444 0.7771488388704244 0.0748427385104188 0.15708913847132833
9 0.6421510545726599 0.3181828932453887 0.06244587412495242 0.1353146666748247
11 0.6513076167592377 0.1378245035009831 0.06674397165215332 0.17502008513685277
8 0.8306073051976034 0.39890585424525 0.08158664148215859 0.19922637436958
12 0.8012901623382879 0.08200374553203298 0.062319996252873884 0.12810312821328634
10 0.5850698863642124 0.07730962248447917 0.04876316808117746 0.10871851692944026
10 0.7383772764780859 0.6571383445135711 0.05726054820102451 0.11362410872545435
10 0.731546101401597 0.4288988306688857 0.061963342281984794 0.10767043590559393
10 0.7332664323200031 0.33034113836119344 0.054793763111139086 0.10999036821230736
10 0.7218854039721564 0.15623011990161292 0.053675758615601796 0.11478407487881086
1 0.398631035215888 0.15638648815063186 0.05304028596303185 0.14722201231454513
1 0.6324070623163826 0.5321951291436403 0.05778503933468489 0.14367218564853113
3 0.5452994205847536 0.7723428306933602 0.06999308691203346 0.15462934975272666
3 0.399194755871427 0.3306233773809116 0.0601679058431848 0.1424982338539857
2 0.2256501973047054 0.2905839876609805 0.08399048763600475 0.19925434565195754
6 0.4276809022233286 0.07553597224944324 0.053822616133026704 0.1231975364172724
6 0.20272092720078969 0.4338505897150363 0.0731792632358744 0.13063284513783174
4 0.24473473277259872 0.7806469332982533 0.06331212287633278 0.11609788308524435
4 0.30894562687546423 0.3376819158546873 0.0487841477265237 0.10992044000636324
4 0.5078172184077704 0.16593110249475845 0.0450315209783297 0.10146502154433541
4 0.4809614011007117 0.2587728778828002 0.043913516482792264 0.10625872821083891
4 0.38242804196172897 0.5339022194339884 0.054898661337871246 0.11599998359692275
4 0.4450870660635087 0.6617527640405623 0.0524528558933322 0.1135681661606991