11 0.2777219505473616 0.2102983449722332 0.07428927685543608 0.16962760449398628
2 0.7829911533929421 0.27199699498841823 0.07804888293216795 0.19619582842244215
1 0.6614912325099511 0.06134572962325906 0.0549046707787042 0.12269145924651811
6 0.7432639572441645 0.057825806581977224 0.055973734761386465 0.11565161316395445
4 0.6967184100429618 0.3206920615790502 0.05107513886289784 0.10392628884453536
6 0.8651850358718984 0.7620152993316208 0.0813329933031967 0.14103328312012856
4 0.7570259441166365 0.7681966325699109 0.06314331771948044 0.11275947117015733
3 0.6613467923133439 0.6465124267884784 0.06929278478224396 0.13700779310219902
3 0.6185864174590544 0.32221832361867 0.054876700443074355 0.1377060512345296
5 0.5288967046438044 0.40349122952237326 0.06473682549521807 0.18010913555656563
4 0.5532016857258966 0.6550976061806145 0.05714768750267997 0.11495345693042335
4 0.6101737572757422 0.5292848694791675 0.04992915645723418 0.11349970138120387
4 0.5863434705442038 0.15263652074221015 0.045058530894375275 0.10251450537403207
4 0.5161284660413327 0.06853243976927911 0.037860977600651595 0.10466651905558193
4 0.5219570755995051 0.24384532068518416 0.04747636221603621 0.10500229568531025
4 0.3656239659477658 0.4416513553046781 0.04751132513557325 0.11101191106992576
1 0.3673363476499289 0.5293497678413467 0.05730851693255022 0.1425976876996541
8 0.16583901699005388 0.4029456434484643 0.0732621683761979 0.19963370933834723
12 0.19880678856582554 0.0772092223964683 0.053590866359262565 0.12324100223273665
9 0.3576921913437653 0.3181051108538974 0.0608583454920603 0.13310821932041755
9 0.1654622188142038 0.5448145386041034 0.07049470785916703 0.13704976518091513
7 0.18836708040451738 0.14249081725875884 0.054911663362611454 0.143715666619145
7 0.146923715390267 0.6644764764789447 0.06932774770178099 0.1430174084868144
10 0.27738630651980645 0.1526060372799255 0.045016575390930916 0.09530296691249357
10 0.26397715426330226 0.3273885483783642 0.05227706193982119 0.10396826092325134
10 0.25272091649512735 0.6655906258596253 0.058370588331325295 0.11860119823990854
10 0.26457851647933855 0.4307539329937488 0.05230503227545077 0.10877595323094379
10 0.41996063471967177 0.0694863599127164 0.045065523478282736 0.10371642845095513
10 0.4244964176101249 0.2292162129073375 0.045093493813912304 0.10852412075864738
10 0.4407725292686624 0.5472221633473604 0.04871324821249633 0.11105388314864174