11 0.7666926691635465 0.21520319242735786 0.08199407343099151 0.17562154345601672
2 0.24503233012534825 0.28778683628708995 0.0863692352353752 0.20212679008436368
1 0.36479933349567645 0.06883585289461744 0.06012751314519909 0.12598604333128152
6 0.2793928502547185 0.06494245192117579 0.061189546663283176 0.12119933066893564
4 0.3377773795598923 0.33745821241034063 0.05476026260215068 0.10667135551912661
6 0.17819979891093454 0.7983794511727645 0.0870944066831531 0.14447644168274876
4 0.2900485898442002 0.8027344043438271 0.06826119556598265 0.11651751623332164
3 0.38479429167352924 0.673445119877618 0.07497025874479313 0.14066087599851548
3 0.41827125332402876 0.3376619255716274 0.06058215421142585 0.1416110433312815
5 0.5143644034345822 0.4198271840624939 0.0714565448563618 0.1850481112632837
4 0.49918681831948003 0.682649724647066 0.06232152496078669 0.11881646416043605
4 0.43411172330774966 0.5517720704267064 0.055075014109538446 0.11748866321143445
4 0.445547262723908 0.16034376061136518 0.04871567482782551 0.10536453421547151
4 0.5162766135776939 0.07268121128518887 0.0416090535354164 0.10884442557416221
4 0.5155478290392514 0.2540666976738414 0.051224438150801015 0.1090122627369335
4 0.6848147841926093 0.45643916021018466 0.05256625078656295 0.11384093468997218
1 0.6862707627336275 0.547764334410992 0.06316086231382091 0.14766261800658975
8 0.8901816302246981 0.41317265920976803 0.08046453701988882 0.2056276610884009
12 0.8431647181110612 0.07718575174249076 0.05892559006827615 0.1259650636859351
9 0.6882842769552039 0.3279592688514939 0.06645188003720238 0.13690824925032133
9 0.8968521079231343 0.5598492338850763 0.07737410489863915 0.14070283528920824
7 0.8571074303143283 0.14350131742672415 0.060791988549684546 0.14882258179281999
7 0.9196850332940082 0.6839829851336958 0.07514512069334191 0.14667049138313087
10 0.7661459727549818 0.15512801822655042 0.04850584048956709 0.09815299575393298
10 0.7858498805242318 0.336870158586092 0.05716410875599683 0.1067133148098195
10 0.8104499228528473 0.6868815297148644 0.06362836520683911 0.12244321303655152
10 0.7889624232083998 0.44384131243224584 0.057303998314835965 0.11152100711751181
10 0.6147293887162569 0.07079577297282569 0.048750647217535296 0.10656645729239456
10 0.6159847816551436 0.2378001417290941 0.0500924598532975 0.11139512924543328
10 0.6099771888253261 0.5680562524934369 0.05256625078656308 0.11384093468997232