2 0.7534263661146252 0.5802152675904941 0.09139590328865502 0.21619315385839116
6 0.8745067319631724 0.7314609342408447 0.08383473563174676 0.15601308616510431
3 0.46006543039944875 0.36125800916860423 0.08016603314581079 0.14515382154923026
5 0.6253644157183342 0.26197222145378013 0.07083035188672217 0.19311885949664287
4 0.7078845455754899 0.19009375067329112 0.05720362817393939 0.12325347898202764
4 0.5436756019910093 0.2701347835161572 0.052346987778895265 0.11478407487881086
4 0.6507174830313865 0.48765404709154253 0.05237495811452456 0.11959176718650309
12 0.6724368107780401 0.7085701373451789 0.07539330375765566 0.1511074943690904
9 0.5342272380342528 0.09234806761986346 0.06577092655836345 0.14979368616265692
8 0.28321491607797894 0.3344677445772045 0.07936268735160953 0.21364945129265692
12 0.22373949948928468 0.030131148704895708 0.06286361436318472 0.060262297409791415
11 0.378893266526122 0.25161812405133105 0.05997108869097012 0.18578145026440526
10 0.4583110931938413 0.26632007173287 0.05961446691169287 0.12448337334132833
10 0.3030874003179299 0.033261406135245614 0.058097877558936764 0.06652281227049123
10 0.30150168648124936 0.1719843589335683 0.05596674217747914 0.11722987795622344
10 0.27386605100622485 0.58699746150175 0.060774434485171454 0.11728582052097855