2 0.27264579187677945 0.5971828941146899 0.08894399182293575 0.2087449742807692
6 0.15776550164027503 0.7465310913027777 0.08107512822552355 0.15208673924455132
3 0.5513923621039836 0.37549249693295894 0.07853142565978931 0.14001155833504272
5 0.3904457128604877 0.28546318126143133 0.06946148105076808 0.18666275777393165
4 0.3091196851588797 0.21882789557612153 0.05547111693923002 0.12024926277163467
4 0.4686546267076205 0.2908563401639419 0.05176744822013919 0.11175187602275649
4 0.3689526380183884 0.5047726826642092 0.05182339078489443 0.11655956833044866
12 0.3521833416368486 0.7167587453248928 0.07380764719922986 0.14711119651602572
9 0.47506814155608307 0.11878551467296969 0.06417827694265636 0.14568547287799152
8 0.7205418462027949 0.3439037812741447 0.0768967897713275 0.20606137742553415
12 0.7733819784679017 0.03823070332708302 0.06118703385888033 0.07646140665416604
11 0.6270847026024458 0.2679328616748392 0.05857424515251626 0.18040136675806634
10 0.5515313764505575 0.28411836801666623 0.057888948734265054 0.12150713598883556
10 0.6977027815453144 0.04237524389278818 0.054045423603285986 0.08475048778557635
10 0.7006808810532156 0.18687148424930497 0.05419926565636283 0.11421167231688038
10 0.734184253415241 0.5864404671813562 0.05900695796405513 0.11432357259743607