6 0.17205792450657115 0.7815568723367761 0.08022413519946593 0.1422744484469965
2 0.35986464533904977 0.7419974982017762 0.08536853328787412 0.20840119542948798
5 0.41508911722484 0.32575451405539196 0.07499782177873945 0.17589333168130578
4 0.33042197056853656 0.2517177715757717 0.052942575402991535 0.10606291929334148
4 0.3901045279969022 0.5434774055761539 0.06026601414508548 0.11091256710447822
4 0.4946118657927353 0.33370646505596524 0.05302650061340818 0.10966868852411078
8 0.6585220103155452 0.403675927766928 0.08153896349599367 0.19876483306238113
12 0.8303380453581197 0.24520308743952482 0.06895922638493619 0.12298074596106073
10 0.7328393859595087 0.08469081667660955 0.05892421571746809 0.10489595913595541
10 0.6484550048217416 0.17774235964101914 0.055430346767254474 0.10968267369192557
10 0.5788304063877674 0.3368227534132166 0.055402371697115496 0.1084807506150025
10 0.7620043199067313 0.6663306823165827 0.06294961100032054 0.12294578304152363