2 0.7981365084895992 0.2880766770307642 0.08523437000362086 0.2016721774469925
5 0.541967869003204 0.4136755334059407 0.06925271603273149 0.18105767180384574
1 0.6717430388357442 0.06910206470642938 0.05863030844071915 0.12325347898202763
6 0.7570166383612433 0.06648927600006521 0.05730250749171754 0.11602795487930034
6 0.8874138667529005 0.7902156380673373 0.08418538773629983 0.1415760236008388
4 0.778017887107554 0.7877410216422331 0.06693887175244839 0.11734176308573406
3 0.6687179926279481 0.653082838037968 0.0748427385104188 0.15708913847132833
3 0.6269538367860309 0.32574019187922687 0.06259273164237719 0.14372812821328637
4 0.7099704476751089 0.33151289342894663 0.05230599837590743 0.10515470462223743
4 0.5975533990998786 0.15596135392691934 0.04872120879048444 0.10631467077559414
4 0.531798200547821 0.24412046571265403 0.04874218843583095 0.10751659385251723
4 0.6342100643070764 0.5349167641874086 0.05243187624798596 0.1123662430837759
4 0.5679872302652202 0.6651291980242623 0.05607960476944795 0.11481204616118827
4 0.3717353646324018 0.43692995697251524 0.05106211600829146 0.10273687282720254
1 0.37583856205930766 0.534313697485662 0.06263469093307009 0.14613197436713238
10 0.28009884927476136 0.14385568311461366 0.048763168081177394 0.10871851692944026
11 0.2858716052683888 0.19920008721783042 0.06429816620761428 0.17258826770062896
8 0.1701960046177378 0.387719354893985 0.07795989260604284 0.1979824943690904
9 0.17153261862773098 0.5331380615604885 0.07817577235168444 0.14150609539489467
7 0.1884589803937577 0.1259658513073415 0.07212419767637623 0.1390323210351045
7 0.1544417732222961 0.6555104451476215 0.06980427010391572 0.14381204206041923
9 0.3671076760718357 0.30949813953629146 0.06607262300106789 0.13655854667531428
12 0.19938726960497488 0.06360570771922952 0.06824569305610363 0.12336536411153805
10 0.4240419867628582 0.06021140723692043 0.05120897352571637 0.11115033436566403
10 0.4318078090643951 0.2297385036478295 0.05122995317106289 0.11235225744258716
10 0.2687597802176075 0.3203705477280403 0.05354988074352326 0.10757253641727246
10 0.2693830862858225 0.4249238697791592 0.05958047577348502 0.10884438770013952
10 0.2602739429275661 0.6603469508030054 0.06455600524394875 0.11851571488027937
10 0.4494286051411187 0.5507918215981791 0.05122995317106289 0.11235225744258716