6 0.8597585067692961 0.7609603647910533 0.0785873682245444 0.1434763715239196
2 0.820763829811955 0.5083467411199852 0.0973294820790198 0.20487933720560747
5 0.6007962369632149 0.29914839112505387 0.06704364925573304 0.18427183030023025
3 0.4349736513367108 0.4051475758080794 0.070173906686083 0.14342742343656775
4 0.7079360605689484 0.4175522000473665 0.052983356938251146 0.1120795272618644
4 0.6817298246462223 0.23111427144614155 0.04936360206629304 0.110856626433219
4 0.6274220421216051 0.521644012033971 0.056701011298530585 0.12171588962897098
4 0.5168294492728651 0.3130819871746129 0.045799789759090166 0.11444141791226606
4 0.3540366953924472 0.05974812736108277 0.0482176215541252 0.11565732615700391
11 0.3556039292709073 0.2977219040079446 0.06340990874258633 0.18184700639466195
8 0.2591851979997879 0.3776843508652915 0.08174643900258616 0.20839420284558066
9 0.3520138298119549 0.5056196333960999 0.06071236412377523 0.15659263661146247
7 0.4411108216226535 0.6227166304828784 0.06793788822650243 0.15783651519183003
9 0.50511621847916 0.13273758496489216 0.059426527199719296 0.14937410556601666
12 0.6528738954854499 0.746536486512827 0.07871323899524377 0.15429367921622755
12 0.1917351230842654 0.05519835930281479 0.061354861553146185 0.10852270611844683
10 0.43027700209321484 0.31137659805635715 0.05294140001468465 0.10847375803109503
10 0.27103407487881087 0.05325602368685692 0.05285748616755179 0.10126221956955658
10 0.27535395387552314 0.21793347039313324 0.05414332309160773 0.1084807506150025
10 0.25612655290601005 0.6312551571765237 0.06391254976006919 0.12175784513241548