11 0.33283996066531507 0.14302884615384615 0.07899397852019464 0.1875
7 0.16575167332766094 0.14423076923076922 0.06740042395006957 0.14302884615384615
12 0.18126569180875143 0.08173076923076923 0.06841353021887492 0.13221153846153846
8 0.14370963162047204 0.30528846153846156 0.08424224338016167 0.2127403846153846
9 0.2070135651903622 0.8100961538461539 0.09194239697684511 0.171875
10 0.2592079582928111 0.16105769230769232 0.06466090347068078 0.12379807692307693
10 0.24047797078154165 0.3389423076923077 0.06092925636783301 0.11658653846153846
10 0.23865274163640351 0.44350961538461536 0.06343800074841131 0.12259615384615384
10 0.3373694580458755 0.5721153846153846 0.06575792832087182 0.11778846153846154
2 0.7700374325694737 0.2980769230769231 0.09134888361496799 0.20673076923076922
1 0.5946284153357353 0.15625 0.06505951673226275 0.1466346153846154
3 0.21819633991455056 0.6514423076923077 0.08230603271611404 0.17067307692307693
3 0.3324447009270963 0.4411057692307692 0.07269064810072944 0.17067307692307693
6 0.5672508366638305 0.07211538461538461 0.061201991757336455 0.13221153846153846
6 0.5011903802471173 0.3449519230769231 0.0697623108132229 0.140625
4 0.40548591970653747 0.1814903846153846 0.05496160027391051 0.11899038461538461
4 0.6803188779993484 0.3425480769230769 0.05257873376541074 0.1201923076923077
4 0.5314157311485062 0.6790865384615384 0.06356387862048972 0.12980769230769232
4 0.5937986663374193 0.5480769230769231 0.0611600324666437 0.12980769230769232