9 0.19722002062621855 0.8353365384615384 0.09693788412573326 0.17067307692307693
7 0.40790283185622095 0.4519230769230769 0.0728714513048941 0.16826923076923078
11 0.3070646379694396 0.15264423076923078 0.06838542874454422 0.19591346153846154
8 0.11425514670957845 0.3161057692307692 0.0880917097757328 0.23677884615384615
12 0.14287584616608334 0.09014423076923077 0.06654016617293619 0.140625
10 0.22923333643440447 0.1778846153846154 0.05784699181069856 0.11658653846153846
10 0.2108565333814663 0.3545673076923077 0.06265468411839087 0.11658653846153846
10 0.21688097647258456 0.45913461538461536 0.06628842463153771 0.11899038461538461
10 0.31933897854132504 0.5877403846153846 0.07002006463300617 0.12980769230769232
2 0.7572280502986695 0.3112980769230769 0.09640727182587264 0.2283653846153846
6 0.5454921056529365 0.08774038461538461 0.05807076206971938 0.13581730769230768
6 0.31308992312587186 0.3605769230769231 0.06779803181461447 0.14543269230769232
3 0.31064496211377335 0.46033653846153844 0.07517739797041866 0.15985576923076922
3 0.20380136316894681 0.6778846153846154 0.07291340822846046 0.171875
1 0.4800305179821663 0.24639423076923078 0.06563194156097787 0.1658653846153846
4 0.3807735436150338 0.18629807692307693 0.056631083092586736 0.11538461538461539
4 0.6688451682539138 0.359375 0.05658912616902038 0.11177884615384616
4 0.5895479005899964 0.5685096153846154 0.061606603094544764 0.12980769230769232
4 0.5238345713778277 0.7055288461538461 0.06395450668363555 0.125