5 0.7801353490278259 0.28413240071890156 0.08114606892988373 0.17444060002444003
2 0.7847812874649241 0.36236229894563365 0.08645727272589017 0.2033706724519795
1 0.7588093450312292 0.1971953259188581 0.057680141107952866 0.13798429445516588
1 0.7980146078954328 0.4996542651043678 0.06489167956949132 0.1381101723272444
3 0.7434300174832088 0.11396891857631598 0.06111807317595081 0.12843184877582053
3 0.8199131456085601 0.62267001185745 0.07923083791118248 0.13355423576370903
6 0.7396713074428372 0.05378884614877648 0.054311231268171736 0.08265387362601152
6 0.8320914004795704 0.7515275368323763 0.075604089035067 0.13228937375074695
4 0.7238763642658008 0.7520432149050449 0.055995686188062166 0.11031908404058874
4 0.7105171659632136 0.6219627872078491 0.055890787961330145 0.10430946865597335
4 0.69922613948893 0.5111550880321155 0.055869808315983635 0.10310754557905027
4 0.6879770723053391 0.39794354270253574 0.04865826985444517 0.10298166770697173
4 0.6753372652367076 0.2955283254199173 0.04865826985444517 0.10298166770697173
4 0.6648285689324187 0.20878006742799157 0.049839213286022005 0.10180072427539504
4 0.657925641858899 0.12209474837210511 0.046191484764560024 0.09933393918550969
4 0.6532167644857615 0.04747061937614227 0.04212416333616941 0.07282869255716275
11 0.14705756181490687 0.25384535839057143 0.07041267981896181 0.17905947552401466
8 0.12861520604630983 0.3460997202787985 0.0745009808926986 0.2067666452292847
7 0.15084606456161645 0.17456039460434114 0.05527629495410675 0.13794233516447305
7 0.11066146541285772 0.47924044642775665 0.06626143980918577 0.1477465365879754
9 0.15944225961601832 0.09535934939949658 0.06236195554356671 0.1308566745750131
9 0.10578202110813455 0.6210254102139868 0.07336808004399213 0.14186279907543856
12 0.17126659028495395 0.03785585851530663 0.056505280968553645 0.07067660214747357
12 0.08662635739775935 0.7541451567175985 0.07825969093307011 0.14675440996451636
10 0.2494335495756468 0.036815689308977474 0.049209823925629476 0.06574303196770277
10 0.24819575050020828 0.107729150847439 0.04975529470463629 0.09699303196770276
10 0.24542035402230405 0.19785240197132337 0.04747732642286861 0.10416261113854837
10 0.2378582448820539 0.286689811436899 0.054688864884407065 0.10428848901062683
10 0.2335662306470304 0.394820929069283 0.05955949612813864 0.10797817682278185
10 0.22204169830512197 0.5040280919065118 0.059538516482792264 0.10677625374585877
10 0.22015353022394457 0.6122011688295886 0.05728152784637102 0.11514775599362756
10 0.20707042083422406 0.7418200443291632 0.057365446427756664 0.11995544830131986