11 0.3482072092126582 0.12527271612804458 0.07431113028202674 0.19038042728525645
12 0.1974362122974131 0.07110526727323702 0.06888806976202708 0.13738391162008554
7 0.18590563690447637 0.13265511982756395 0.06668002258482425 0.15415488455673082
8 0.1611530656000718 0.2978501076986644 0.08062842977279587 0.21696261032825864
9 0.2310002501469281 0.8008953705876066 0.08972634566419473 0.1727152570432159
10 0.27347819382559535 0.14503601663050192 0.057833006169509815 0.11669944368114321
10 0.2557273763648972 0.32809200023461516 0.05658912616902024 0.11306569938023504
10 0.2569284573765062 0.431401434709722 0.0662604533491601 0.11809719224903859
10 0.35995734453804545 0.5611791420691771 0.06389856411888044 0.12164701133953001
2 0.7958523640625893 0.27586773220379207 0.09260570361846021 0.21363659179887823
6 0.5905629579395808 0.060496013963634916 0.06525432924888022 0.12099202792726983
1 0.5178593343289525 0.20904064078370685 0.06677792207314585 0.16256834609519236
6 0.5212684625177644 0.32912104819545895 0.06764418976153763 0.1337501673191774
3 0.35315223173629645 0.42315381371399535 0.07888106668950948 0.1700596352581198
3 0.23520824401412993 0.6457913435242519 0.07762320104783117 0.1652239678802885
4 0.4271565199774835 0.15587828457580094 0.053039299503006385 0.11778946647751071
4 0.5510063291387455 0.6648762077700316 0.06149471796503415 0.1215910611992522
4 0.7039887414924497 0.32246499138050155 0.0566590543749645 0.11907531476485043
4 0.6234442255667866 0.5322160632472217 0.05787496309307617 0.12030521291191248