6 0.8739250512893704 0.7551477354497316 0.08380192936009606 0.1429681501105535
2 0.7806126030211006 0.25992970410384103 0.08181871419738283 0.21257477140296274
6 0.7382335498010684 0.0521918881330498 0.059399791909828976 0.1043837762660996
5 0.5251924739875004 0.3960545371222075 0.06555028758418811 0.1844758995675052
3 0.6521817187845091 0.6329069411461377 0.0684846551316242 0.15573466289048044
3 0.6035952148107909 0.3023652331655001 0.05979144289177349 0.14347062539328154
4 0.7658079245065712 0.7606990966774556 0.06171971285325876 0.12310787786500874
4 0.6181062367004811 0.5124219925093605 0.055402371697115496 0.10971186207030624
4 0.556251673191774 0.6453201169383026 0.056716195054594194 0.11455452676770833
4 0.6952211193583336 0.3117265623167895 0.054256398760470094 0.11208073583444247
4 0.516580172140919 0.2327328882195081 0.056660244914316385 0.11215068061386205
4 0.5793019628239318 0.13709437917518133 0.055402371697115496 0.10971186207030612
1 0.655356807633654 0.05581102482930993 0.06071361526730794 0.11162204965861985
1 0.36220852159642136 0.5246788038252306 0.06236313946645321 0.1507521086342395
7 0.17369438449807703 0.12484161296890714 0.06585700841666675 0.14604933349567648
12 0.18546083469700864 0.061956916682099836 0.055710097468643235 0.12293301591645998
8 0.15695641132681656 0.3875253191426233 0.08165086377654934 0.20536323294142428
11 0.3394758439030449 0.11640965395819175 0.06798210880817325 0.1857477674238478
9 0.3487035972926819 0.30617361055319886 0.06571713306597224 0.14003971811106114
9 0.16034139481362225 0.5329580114503156 0.07896626198226506 0.14162633747479156
7 0.1438801575266031 0.6525079543010561 0.07558429331260698 0.15113680492104684
10 0.2546529060944984 0.6577039559862203 0.05920396641885699 0.11823024077789686
10 0.25755527881559864 0.4206803031044059 0.0675055276767629 0.11366735519817289
10 0.2551494227836541 0.3173149184890213 0.054340323970886874 0.1156865050652117
10 0.26554408960673087 0.14381832673558115 0.056716195054594055 0.11455452676770819
10 0.4089066267241454 0.05333362080537977 0.053054475683547014 0.10666724161075954
10 0.41877680178792753 0.21633488255522898 0.055402371697115496 0.10971186207030612