6 0.9029950056966352 0.7948100032943066 0.083857879500374 0.14349734927564184
2 0.808340759000748 0.29072174577392695 0.08307658741458332 0.21319490256936552
6 0.7659057556404381 0.06814920644202836 0.05945574205010692 0.12773249759749386
5 0.5493428358065174 0.41900505478980643 0.06678018573125016 0.18425784513241547
3 0.6787918768976501 0.66251375247073 0.06971455327868598 0.1554326690379839
3 0.628947499706731 0.3281343966493556 0.06104931610897451 0.14456641325832437
4 0.7924460576898511 0.7953686086517491 0.06174768792339746 0.12293879045761659
4 0.6446884197434835 0.5397357914429838 0.055430346767254196 0.10968267369192557
4 0.5804859602212079 0.672757668282631 0.05794609320165597 0.11450435116743253
4 0.7217753273311968 0.3406920563794561 0.054284373830609065 0.11207952726186426
4 0.5419044819667203 0.2543206154996227 0.057890143061378296 0.11210050501358651
4 0.603396374502671 0.15973929936979173 0.055430346767254335 0.1096826736919255
1 0.6805971922490386 0.06885465606152617 0.058309769113461786 0.13012935116743263
1 0.3851849354086543 0.5430330856266781 0.06359303761351512 0.1505900138107544
7 0.19538495002297018 0.13333035188672218 0.06588498348680566 0.145796306670877
12 0.20712342515176288 0.06970534723278049 0.056939995615705216 0.12291082012198677
8 0.17750100391506446 0.3976135771316512 0.08290873699375016 0.20598336410782705
11 0.36113843435779924 0.12948763615825082 0.06923998202537399 0.18667567645407643
9 0.371624060964637 0.32183029138548014 0.0657451081361112 0.13978669128626164
9 0.18091396247200903 0.5442481925162664 0.08019616012932704 0.14107252537007342
7 0.16448070025512876 0.6643286188660559 0.07561226838274582 0.15065993964982846
10 0.27648334697008603 0.6745943137848284 0.059231941488995826 0.11811711298210908
10 0.2793017944807696 0.4342586464875649 0.06753350274690181 0.11335836876176873
10 0.27686796337868613 0.3296913387952572 0.055570222117948785 0.11569228907654096
10 0.28723465513162405 0.15549640364829984 0.057946093201656106 0.1145043511674326
10 0.4317991153259616 0.06740719119269473 0.054284373830609065 0.11207952726186428
10 0.44287121346666686 0.23331453131152374 0.055430346767254335 0.10968267369192557