12 0.3771594714448092 0.7826313030695002 0.07754896684718805 0.1467124506738236
6 0.17170057007038259 0.7814476298691093 0.08101484651911822 0.14196769730217057
2 0.2924339385257925 0.6369948976005211 0.09159659621958455 0.2166337855888264
5 0.4177116950886726 0.31843115634085817 0.0774311878512674 0.18395108641309263
4 0.329039917777916 0.24360331418360853 0.05242636122772409 0.10903324238228002
4 0.3967821631437148 0.5487178552671214 0.05995265119665032 0.1199764279466661
4 0.5021960343703855 0.331918962284338 0.0535583395252276 0.10665037587378023
6 0.7619219718003619 0.5466822059139701 0.0691704776984363 0.1477675162333219
8 0.6678258609939289 0.40929142482068126 0.08396538908152926 0.20208483079367093
12 0.8482007422292657 0.25026267481941383 0.07228663347326912 0.13100353209243798
10 0.5876025176113435 0.3358123632577797 0.05493512455069945 0.11268097090374199
10 0.6586723436260999 0.17727831168383457 0.05373320147377624 0.11265999125839563
10 0.7459138660494211 0.07909216970020035 0.05359331191493739 0.10785229895070328
10 0.7778231378273753 0.6803054639058957 0.06458548155579372 0.1140507311434365