5 0.6012806820129388 0.2894867005948913 0.07301130771678206 0.181113614368601
2 0.8105534696788141 0.48665971190565926 0.08777004002839014 0.21012759590902055
6 0.8388524993879767 0.7406291078073374 0.08346498873818084 0.14998948513930033
4 0.6996836902022403 0.4072340472751005 0.05301132822062863 0.11478407487881093
4 0.6801609066371342 0.2254919211183174 0.055261332321397946 0.10159089231503463
4 0.6679187476741966 0.1412034636806252 0.049265702577971436 0.10272288718601369
4 0.5245970451206996 0.06140018673796875 0.04683388514174766 0.10029106974978992
4 0.5170062102164354 0.30052693648090584 0.05302531386181751 0.11598599795573386
4 0.6252055742912618 0.5061405385471989 0.061494717965034286 0.12089158975174777
3 0.4402081619987437 0.3921939180090881 0.06652618053174741 0.14017830154727223
12 0.20614337230083948 0.05288629951524346 0.06367479385985948 0.10168879180335624
12 0.24736648912993472 0.7457674031116768 0.06893002668559357 0.14020627282965
8 0.26381916815601625 0.3648976441389494 0.07927266464279589 0.20281815795916033
9 0.5117526615213295 0.13217379186454226 0.05698072412230678 0.1460760318023773
9 0.15888654966217158 0.6016896338686704 0.07983124822503405 0.14754368206188756
7 0.43773270350832544 0.6049343026244727 0.06413632001909 0.14135225334181784
11 0.3620979897052465 0.2867035579983194 0.0657997692552436 0.1810297005214681
10 0.4352754409856662 0.2995759128800672 0.052913428732307026 0.10637061334034939
10 0.2854702953777626 0.053809351833704507 0.05886710155216717 0.10163284923860103
10 0.2848400994589524 0.2112752605518164 0.05294140001468465 0.10877445949419548
10 0.2548865537629409 0.6160296390099286 0.06145276104146779 0.11728582052097855
10 0.44214795579741717 0.7420234615996476 0.06507251591342576 0.11852970052146798