5 0.7824519230769231 0.3172381795472041 0.06850961538461539 0.1558395800596098
2 0.7908653846153846 0.3895983708905571 0.07692307692307693 0.1885363098645012
1 0.7632211538461539 0.2337459290041558 0.054086538461538464 0.12657375753693897
1 0.8028846153846154 0.5185538640184238 0.06009615384615385 0.1339601579470262
3 0.7463942307692307 0.1551313155482192 0.057692307692307696 0.11586136701376056
3 0.8269230769230769 0.6322340810433882 0.07451923076923077 0.1247644420081587
6 0.7415865384615384 0.08407796445091865 0.04927884615384615 0.10359732951656148
6 0.8425480769230769 0.7612944913403842 0.07211538461538461 0.12950218953643144
4 0.6574519230769231 0.07922605101738966 0.042067307692307696 0.09497403363984142
4 0.6646634615384616 0.1587628084325713 0.040865384615384616 0.09734290740397779
4 0.6754807692307693 0.24321217532457445 0.042067307692307696 0.09737787979368757
4 0.6862980769230769 0.32645961913965454 0.04326923076923077 0.10101862141416659
4 0.6983173076923077 0.42176126611367515 0.04927884615384615 0.09638579105502305
4 0.7115384615384616 0.5267132700927901 0.046875 0.10833507704483426
4 0.7247596153846154 0.6364729663795975 0.05048076923076923 0.10483422498319438
4 0.7379807692307693 0.7582518934356355 0.054086538461538464 0.10373721907540065
11 0.18509615384615385 0.2806261326306868 0.06370192307692307 0.1725266135776939
8 0.17067307692307693 0.3667449254926313 0.06850961538461539 0.19189727236730209
7 0.15625 0.4937291029699604 0.057692307692307696 0.13869790547529895
7 0.18870192307692307 0.20741374210750843 0.051682692307692304 0.1325134281421348
9 0.19591346153846154 0.12949857644576696 0.054086538461538464 0.12056414215232358
9 0.15264423076923078 0.6270376473392927 0.06850961538461539 0.13300304159807133
10 0.2512019230769231 0.7476938448339541 0.057692307692307696 0.10744790547529895
10 0.25841346153846156 0.6241056022491358 0.0625 0.10518394888029192
10 0.2620192307692308 0.5208451348028803 0.052884615384615384 0.10009647745492163
10 0.27403846153846156 0.41782947408459326 0.05048076923076923 0.10363230190627129
10 0.27403846153846156 0.3168679356230548 0.052884615384615384 0.10009647745492163
10 0.2824519230769231 0.2317762038894847 0.04326923076923077 0.09621092910647427
10 0.28365384615384615 0.1440707916638098 0.04567307692307692 0.09027125850127839
10 0.28365384615384615 0.06474386858688673 0.04447115384615385 0.09985167072695324
12 0.20552884615384615 0.05766297094806036 0.04807692307692308 0.10356235712685173
12 0.13942307692307693 0.7492491048986392 0.06850961538461539 0.143820349290379