5 0.8058766399418325 0.3076923076923077 0.07427529168762129 0.16466346153846154
2 0.8159395499272905 0.38461538461538464 0.08289153815939716 0.19951923076923078
1 0.7849334890088999 0.21995192307692307 0.058468484506028935 0.13341346153846154
1 0.8299578583388878 0.5216346153846154 0.0657219784710119 0.140625
3 0.7664151619815359 0.13581730769230768 0.0620113204816317 0.12259615384615384
3 0.8558975013450123 0.6418269230769231 0.08008911472282967 0.1310096153846154
6 0.7611669368876777 0.06009615384615385 0.05351394793628117 0.10817307692307693
6 0.8735285715712862 0.7800480769230769 0.07771323890461282 0.13581730769230768
4 0.671008720950632 0.057692307692307696 0.04505153831046781 0.09975961538461539
4 0.6787167328695958 0.14302884615384615 0.04387059298526698 0.10336538461538461
4 0.6924553379248971 0.23197115384615385 0.04507251606219006 0.10336538461538461
4 0.7037831042424448 0.31971153846153844 0.047490347383851134 0.10576923076923077
4 0.7163967046438043 0.421875 0.05347199243283667 0.10096153846153846
4 0.731463099286362 0.5324519230769231 0.049943141625049106 0.1141826923076923
4 0.746571449432364 0.6502403846153846 0.05472985618101917 0.11057692307692307
4 0.7617427328335324 0.7788461538461539 0.058328632827880804 0.109375
11 0.16873853524617585 0.28725961538461536 0.06956549555463248 0.1814903846153846
8 0.15365196420704555 0.3798076923076923 0.07449905437265801 0.203125
7 0.14001205668159722 0.5144230769230769 0.0621441795758721 0.14543269230769232
7 0.17188978652296422 0.2091346153846154 0.05609960127171975 0.13942307692307693
9 0.17982075977181528 0.12620192307692307 0.05842652900258451 0.12620192307692307
9 0.1360364818588853 0.6574519230769231 0.0741284474255659 0.13942307692307693
10 0.2413380108614698 0.7836538461538461 0.06194838722646496 0.11177884615384616
10 0.24897529558621015 0.6502403846153846 0.06795101002717295 0.11057692307692307
10 0.2519447396814061 0.5408653846153846 0.05710573199923562 0.10576923076923077
10 0.26332764531506364 0.43149038461538464 0.05471587101320425 0.10817307692307693
10 0.2638932432564135 0.32211538461538464 0.05710573199923562 0.10576923076923077
10 0.27298418407874325 0.23197115384615385 0.04746237704822143 0.10096153846153846
10 0.2724457551178736 0.13942307692307693 0.04862933720560754 0.09495192307692307
10 0.2719492816604483 0.054086538461538464 0.047490347383851064 0.10576923076923077
12 0.1890026041849412 0.051682692307692304 0.05228405452372852 0.10336538461538461
12 0.12237559658171479 0.7884615384615384 0.07419138068073247 0.1502403846153846