2 0.25077124269529866 0.5834616204769247 0.09252412160913479 0.2065497979606288
6 0.12713800137590753 0.7326967230573437 0.07550036810219031 0.14627183077902062
12 0.3367202178827451 0.7110324522597224 0.07189459887142104 0.14622987385545427
9 0.48210901931874994 0.09171955583168136 0.055039700724359125 0.14483215180188777
5 0.3868463556531515 0.2610516953312612 0.07642354541677363 0.18593529231748201
4 0.305480267273237 0.1947090122655963 0.04936478124236121 0.10751659385251723
4 0.2795095160170937 0.3812588307300718 0.05903611599802357 0.11003232513587372
4 0.3576325061389953 0.48368717738580647 0.056716195054594194 0.11361012308426546
4 0.46958322246987155 0.2685001476276953 0.05311042582382496 0.11356816616069897
3 0.5491039611596685 0.3625010471037797 0.06817692936009632 0.14138022462419533
10 0.5550036861418267 0.263901397872521 0.05411652340977578 0.10516869026342632
11 0.6333804617730767 0.2521750235029411 0.07748559314300224 0.17993966257405553
8 0.7314056228090808 0.32553344605350115 0.07924701762270313 0.2039921097537058
12 0.793687851882265 0.029213405076400984 0.0640666039277778 0.05842681015280197
10 0.7144168789456197 0.027236120978813342 0.05193547287799141 0.054472241957626684
10 0.7122617936058759 0.16714532708224225 0.055430346767254196 0.10999036821230736
10 0.7362362654916661 0.5826191137443403 0.06403963379668799 0.1185017292390905