6 0.643333314425174 0.7815767221392267 0.07413544000947343 0.14147812411251692
6 0.848806219907761 0.7935836513978967 0.07775519440805731 0.14392392718992944
2 0.7222344912388953 0.6490723272780374 0.09254887827822628 0.20779367796111822
5 0.594272841082756 0.3302541857219543 0.06353490241829499 0.17861186872643323
4 0.680021941994831 0.26033370470789785 0.05115904986978684 0.1171739353914682
4 0.6229923270634272 0.558969211367059 0.05719663559003179 0.1220515559051045
4 0.5100613072751593 0.34249634468489193 0.04871324821249633 0.10993442564755213
3 0.2636662751507791 0.5463740431131452 0.07416341034510286 0.14628581642020924
8 0.25722392091905444 0.41407859080447385 0.07329013871182753 0.20276221539440525
10 0.2508918453195493 0.6760418790089494 0.0595515336565262 0.11366606564902071
12 0.17283138128501468 0.2508259948954535 0.06559611196067855 0.11974560923957994
10 0.26874128835725136 0.08726739901090741 0.051089124030712904 0.10515470462223743
10 0.35353939785792016 0.18080845645838942 0.05231202485935809 0.10877445949419548
10 0.43069942127869915 0.3475829077510463 0.05113107953415726 0.1123662430837759