9 0.46820356280486164 0.6531091251897174 0.07225827478322658 0.16185487385545427
8 0.17174115428360068 0.3060025713044046 0.08170681391682709 0.20642392718992958
11 0.34836488163386764 0.15064849440580202 0.06666828545069456 0.17981379180335624
7 0.4487729483269234 0.43779706672622104 0.07063672565422016 0.1438120420604191
12 0.4279715554121796 0.16359077749349385 0.06300556114059834 0.12569928205944023
10 0.44751306523162426 0.3320418215981791 0.056548344633760766 0.10639858462272687
10 0.277982946428045 0.1726598800372011 0.06758945288717956 0.11613984000881078
10 0.26750435439455156 0.34196320618908926 0.055486296907532144 0.11239421436615352
10 0.36648569251052404 0.5678137015864313 0.056995945755983095 0.1256293538534961
6 0.2721671466563035 0.07766600003671159 0.0655213075750001 0.13053494564951007
3 0.26141684343381466 0.6482997487513971 0.08187365939861127 0.16196675898496474
1 0.513868600215545 0.24029092622286397 0.053865752717574884 0.14602008923762205
2 0.7762245367654917 0.30943157959160356 0.08760452902088699 0.20168616308818124
4 0.6930410737655985 0.3493179693237719 0.05190850274690188 0.11355418051951023
4 0.5575095464089749 0.6697690626376889 0.055766047608921045 0.12441344513538428
4 0.6207338834154386 0.5467401959799962 0.055626172258226456 0.1184038297507689