9 0.5413558716702451 0.6664326010510011 0.07477402121762836 0.16792875560826012
8 0.8464835173612177 0.3205034736170027 0.08545245849829076 0.21388161164901504
11 0.665163997983814 0.15285811021708515 0.06798210880817325 0.1857477674238478
7 0.5621282845758009 0.4457333959633817 0.07315247208862193 0.1498649370647042
12 0.583125502981517 0.1637011415629757 0.0655213075750001 0.13162625657259955
10 0.5622701698045938 0.3362884511839622 0.05900814092788473 0.10981677923943532
10 0.7379218042733439 0.17902988752784174 0.06887530117451927 0.12091386604942113
10 0.7482605209561428 0.35493032543512804 0.056744170124733165 0.11575644984463128
10 0.6455335382587067 0.5828667926378687 0.059511692190384866 0.1314513946240507
6 0.7437096289749465 0.08538480469697099 0.06786920358856846 0.12929235519817292
3 0.7541242313557687 0.6714207909527047 0.0844173809031518 0.16941045780286146
1 0.4935667388071045 0.2392731571141636 0.055179576075053575 0.1517441973729041
2 0.22276936564855745 0.2987470341268708 0.09014825052542753 0.20921380890016186
4 0.3095306228090809 0.34336732626799066 0.0531943510342416 0.11805537882934808
4 0.4496180668421469 0.6806016225099827 0.057079870966399736 0.13017952676770833
4 0.38410178396239275 0.5500024270657575 0.05693999561570515 0.12416991138309282