7 0.5552884615384616 0.4294617339270897 0.07091346153846154 0.14344140860438268
12 0.5637019230769231 0.33686470891666104 0.05889423076923077 0.133756098149924
9 0.546875 0.6494626050913646 0.07211538461538461 0.1602753242652131
8 0.8341346153846154 0.29923368522980404 0.0829326923076923 0.21442479598191816
11 0.6538461538461539 0.13922488050822152 0.06971153846153846 0.17949210832816756
10 0.7259615384615384 0.1592380177814699 0.056490384615384616 0.1121074975974939
10 0.7403846153846154 0.33343295292842734 0.05889423076923077 0.10971763661146247
10 0.6430288461538461 0.5635666599172342 0.051682692307692304 0.11929106572340285
6 0.7259615384615384 0.06406393472980895 0.04807692307692308 0.1281278694596179
3 0.6502403846153846 0.41809201210609753 0.0625 0.15661361436318472
2 0.22355769230769232 0.29557437939322395 0.0889423076923077 0.2036424512091475
4 0.5709134615384616 0.5375439072593704 0.055288461538461536 0.11089858193666344
4 0.4074519230769231 0.3389756679015458 0.055288461538461536 0.11570627424435574
4 0.4543269230769231 0.6632221878983882 0.05889423076923077 0.12173686738069324