7 0.5445674473105586 0.3998162410624816 0.07659522683457859 0.1506809174015507
12 0.5535473081455193 0.30250941991906416 0.0633181323171656 0.14098861436318472
9 0.5336024940010462 0.6317314542373762 0.07670011559318969 0.16870976355539688
8 0.8398217705543409 0.2669140395044095 0.08905499038997533 0.2264719970867785
11 0.6508968861475306 0.09753998047780985 0.07801392001263106 0.1879475253700735
10 0.7265061586511662 0.11721128249474518 0.0595795039921557 0.11813109814992408
10 0.7410612933133341 0.3011964168547721 0.061969364978187204 0.11574123716389263
10 0.6362903993325625 0.5421815931002743 0.05601569026483096 0.12532165885974023
6 0.7281276367625331 0.04510289046326795 0.053360111090318386 0.08203844292269477
3 0.645598911611171 0.3883843873414723 0.06706375322608284 0.1650480536533685
2 0.19563994941092358 0.2547525529915825 0.09499467993551686 0.21448772923708476
4 0.5595211592554483 0.5152917600378932 0.059572511408248374 0.11692917507300092
4 0.39007178451616614 0.30396227466150416 0.05839855866695487 0.1217298747967859
4 0.43736473684031113 0.6455951244478613 0.06324820647809168 0.12896938359395393