6 0.141090297701198 0.7497792142560364 0.07651830841159724 0.13878166018798083
2 0.25611210007777807 0.6082060766884617 0.0841354167397648 0.20866104907035257
5 0.38051234057204064 0.30096337999647466 0.06347896174703585 0.1697239344164531
4 0.30037507911700884 0.23178135798947677 0.048692270460774074 0.10688823357478637
4 0.2813043379609603 0.4104482703989319 0.052298039691543376 0.10697215878520303
4 0.3576400378358158 0.5132002133493593 0.05591080150622 0.10825800707254274
4 0.4646259782049339 0.3065274041369662 0.05228405452372852 0.10456831263135687
3 0.5422335269957864 0.3972880913883018 0.05848246967384359 0.13716011105897438
7 0.5433926932141157 0.6112863492208872 0.06213718699196464 0.1456574978078527
11 0.6233707279495763 0.29459511339529965 0.0671266864812493 0.1770193980884082
8 0.7154782720864871 0.37247034764214804 0.07325517579229057 0.19759196574679494
9 0.6281985966538414 0.49785998874599413 0.06213718699196464 0.1456574978078526
10 0.5451618169426874 0.3071998107593487 0.04746936963212889 0.10325448927387831
10 0.6947526926098333 0.21571679637964802 0.047490347383851134 0.10686025850464748
10 0.7236531844169476 0.620290302049413 0.05715468008658757 0.11549752060422017
10 0.695640750766073 0.06307256561041724 0.04862234462170015 0.09486900280555559
12 0.773765750766073 0.0648909451694451 0.059439652314007836 0.09512077843680561
12 0.33833154882691574 0.732732510374199 0.06936970320522534 0.14943111745945495