8 0.16531916171545813 0.30145273839389763 0.08175954092154822 0.2120069646602572
10 0.2754423681935497 0.1734832942987016 0.05951657073698923 0.10731379045761638
10 0.25882442127869915 0.3440654676309824 0.061976357562094526 0.11694316024081584
12 0.4343541385968202 0.3366729233430009 0.06210222407242774 0.13857777562543122
7 0.44097830001013716 0.4376764173079838 0.06697284963528652 0.1494230536533685
10 0.35369862457749146 0.5645767974204973 0.06559611196067869 0.11936798414638397
11 0.7721994119708158 0.3206089932671337 0.07677703401617081 0.1819309174015507
2 0.6929144443973372 0.312935944267707 0.08291251591111969 0.203600495705703
6 0.2712150603501715 0.07369570857845661 0.06202530564944635 0.1253566217792773
4 0.3447755057689393 0.4455304721338535 0.055973734761386604 0.11811012039820189
4 0.5382004087915164 0.6678171168806982 0.06439418888375546 0.11936099156247665
4 0.5869494212786992 0.34597444303770203 0.05356988860754031 0.1180961352303871