8 0.8537544563727291 0.28142802001828265 0.08790989644027838 0.2216503196112714
10 0.7399362328012595 0.1461413473477878 0.06261272719482437 0.11333739101004656
10 0.7534773722641279 0.32531878940012243 0.06633038155510408 0.12297375337715334
12 0.5696950266244075 0.31463353944690586 0.06538020001957943 0.1446013761778614
7 0.5612387660970656 0.4215627377896153 0.07032774873915998 0.1566485772827216
10 0.6510325137712621 0.5555076357050391 0.06996412206825106 0.12539857728272175
11 0.21653942662685496 0.29454887362428467 0.0815506400259429 0.19156727976865745
2 0.300771941499792 0.28662489295934096 0.08781199695195671 0.21323685807280987
6 0.7457928481981123 0.056025086914186624 0.06490468821916004 0.10373599156247672
4 0.6633043281472055 0.43057056896020574 0.060334751811677294 0.12414071353453938
4 0.4550762532439202 0.6613459909581945 0.06756027591440492 0.12538459211490696
4 0.40972737226412786 0.3233189104026065 0.05672898258090834 0.12411973578281728