11 0.6369484604979727 0.10194862452874524 0.07801479900111757 0.19799648001027922
8 0.8272273927679745 0.3773411670665786 0.09407335387797061 0.235437908730349
12 0.7937998430690912 0.05296537148682056 0.06863632822062862 0.10593074297364112
7 0.8064196143441266 0.09997664912112393 0.07039767694510382 0.16305679693237718
7 0.6250525743034991 0.401325370170913 0.07881113848356537 0.1631546964206988
9 0.7467930778411938 0.7832703393845502 0.095959731307831 0.19099472616657293
10 0.5630865548646157 0.04975882457891777 0.054115351809230106 0.09951764915783554
10 0.7124738153674832 0.11789445221077369 0.06399646360720204 0.12933302257258703
10 0.7258890840596524 0.3076164850291654 0.06160660309454449 0.13050697436713252
10 0.724700304558604 0.40977994656762695 0.07243789642804134 0.13183476821475482
10 0.6173646819762273 0.5456260676076263 0.06163457437692225 0.1329108205209787
2 0.18194938457867302 0.26827890356461653 0.09021584310580287 0.21376133642216727
1 0.3687937435734273 0.11588473020615617 0.0559186574572718 0.15808127693041923
3 0.5282109055354595 0.7713926491578356 0.08262669233216667 0.18122549949811118
3 0.5371740174068544 0.20766275479853483 0.07978929130146763 0.1439379128311184
6 0.39842309332615417 0.050748308693025615 0.0649326595015378 0.10149661738605123
6 0.44345030455860396 0.413052586605807 0.07020187796846063 0.14622987385545413
4 0.203593775277907 0.783582233817274 0.06641429540223694 0.1305629169318879
4 0.5608217230573436 0.1376854891544091 0.05779104924594332 0.11243617128971992
4 0.4803907763918191 0.13020906557559742 0.05658912616902038 0.1124221856485311
4 0.27276408405965236 0.3128890717573443 0.05305328514419513 0.11838984410958002
4 0.35204736608238096 0.5222745866180442 0.061606603094544764 0.13050697436713252
4 0.4214084214488852 0.6548628953263663 0.06635835283748183 0.12575522462419533