5 0.47836538461538464 0.39713868120320994 0.07091346153846154 0.18114990945441398
2 0.22235576923076922 0.2783858771344646 0.08173076923076923 0.21632043019257102
6 0.20432692307692307 0.42193930913395705 0.07211538461538461 0.13911757415181605
4 0.2512019230769231 0.7751426936275844 0.06610576923076923 0.12331771220326715
4 0.3112980769230769 0.3238748433728658 0.051682692307692304 0.11328265891136556
4 0.484375 0.23470420387004579 0.04927884615384615 0.12162617567040766
4 0.45552884615384615 0.6478031566076953 0.06009615384615385 0.1279505425624108
4 0.390625 0.5186820502674065 0.05889423076923077 0.1195021086342395
4 0.5084134615384616 0.1390528329989276 0.052884615384615384 0.11572147745492149
6 0.4266826923076923 0.05940765332868508 0.056490384615384616 0.11881530665737015
1 0.39783653846153844 0.13145298515991735 0.054086538461538464 0.15301606522924666
1 0.6502403846153846 0.5123299371670227 0.08052884615384616 0.15138161164901504
9 0.6502403846153846 0.28997416793625347 0.0625 0.138837795034138
9 0.765625 0.7661841262164247 0.08533653846153846 0.15753111659246954
12 0.8064903846153846 0.05693053893398872 0.0625 0.11386107786797744
11 0.6574519230769231 0.1154854874441488 0.07091346153846154 0.1787460633005678
8 0.8425480769230769 0.3721189701980773 0.09254807692307693 0.22024095093072796
7 0.8197115384615384 0.1107642148333319 0.06370192307692307 0.14969007511615545
7 0.6442307692307693 0.40072595296172536 0.0673076923076923 0.1509969153622077
10 0.5865384615384616 0.05384693536010124 0.05048076923076923 0.10723807113704048
10 0.5841346153846154 0.21377264937028995 0.055288461538461536 0.11579142223434105
10 0.7307692307692307 0.12897717167185377 0.054086538461538464 0.11455452676770819
10 0.7439903846153846 0.30287132153889257 0.056490384615384616 0.12063408693174307
10 0.7439903846153846 0.40623670615427715 0.0625 0.11600125657259962
10 0.7572115384615384 0.6354193175597775 0.06610576923076923 0.12451963528019022