5 0.4856409127295944 0.3992444414438316 0.07759749342355786 0.18645452757090936
2 0.22060037438536348 0.27858666229623663 0.08925405322003226 0.22288996858704613
6 0.20478256371153883 0.4258928309403087 0.07782028904561979 0.14442919195731777
4 0.2625658311876075 0.7895565910975664 0.07141902267905995 0.1273924084868144
4 0.31306553103707296 0.3234737073907405 0.055570222117948785 0.1172313868481213
4 0.48896391644182713 0.23192530127922767 0.05336220145507489 0.12556090422915075
4 0.46996498728456254 0.6560095542453357 0.0655213075750001 0.13199024040092658
4 0.3995520621914534 0.5249465291149726 0.06412355900710491 0.12353480678374905
4 0.5119383203759617 0.13368811839542152 0.05682809533514967 0.11967720508068345
6 0.42576152487120733 0.056808009147813025 0.06185958820395307 0.11361601829562605
1 0.39747587736688045 0.12565623510421484 0.05892522065651726 0.158180715620938
1 0.6663789852683765 0.5156287276400111 0.08651350128547036 0.15674222727756076
9 0.6610637219419874 0.28726334302462647 0.06697500628317297 0.14284952017195024
9 0.7903499373075327 0.777140463925839 0.09146106894385699 0.16291973097704032
12 0.8152685270047009 0.05366676672497835 0.06803705400940174 0.1073335334499567
11 0.6641069749528312 0.10792497209079177 0.07633962020635685 0.18400870933834718
8 0.8602772368177889 0.37052415288442625 0.10012731105261762 0.22567156344933673
7 0.8300003346383549 0.10333474830490091 0.06845668006148523 0.15491072301989708
7 0.6565098151436436 0.401697867804615 0.07326437236917754 0.15507861133476128
10 0.5904529614798077 0.04996371363769002 0.054228423690331255 0.09992742727538004
10 0.5906797768580664 0.2091269053575948 0.05923194148899596 0.11976114923811551
10 0.7401918047107906 0.12090573113168104 0.057974068271795215 0.11731533100555339
10 0.7563793209307161 0.2995725488060591 0.06054576484647438 0.12461081362452393
10 0.7588691021730773 0.40654370265221296 0.06644347995053415 0.12001298171041178
10 0.7788032679135154 0.6428188838614666 0.07141902267905974 0.1273924084868144