5 0.38693440160822196 0.285165004373337 0.0834408032358828 0.1840559846398247
3 0.5436076833754034 0.3917497115422638 0.07751399445747828 0.14551052759690053
7 0.5412331739658046 0.5972156187600708 0.07538992742131011 0.1550839529215924
11 0.6297228631466835 0.2809271160133611 0.07372050145136883 0.18028237824628413
9 0.8202192173707975 0.58754064873201 0.08174926670302304 0.16720808191755518
8 0.7247704546566088 0.35855468781722455 0.08636923523537512 0.20212679008436368
12 0.7964332207605647 0.04981885739522453 0.0705950969404091 0.09963771479044906
12 0.7269403333544803 0.7381316040261063 0.08829632976007619 0.14449742132809526
10 0.7247427084482282 0.607226886868223 0.0669193829302203 0.1116888442802831
10 0.710051123698398 0.20384228521969028 0.06083982276618563 0.10918009989970485
10 0.7159043746067185 0.048676831608251994 0.060769877986766335 0.09735366321650399
10 0.5524150899367992 0.29549096716168555 0.04988262551503894 0.10418359078389482
10 0.5287978876107213 0.7355836301236494 0.06840108512482164 0.12132520854101395
4 0.47771377103769075 0.055331044583703345 0.058331059443210126 0.1055323713782428
4 0.31055802109370967 0.2264325274747002 0.05970784446868212 0.11156296640820457
4 0.3299729010091546 0.1371965047475427 0.055927213289363974 0.10549041208754997
4 0.47195618856237254 0.29449275724604923 0.05963789968926255 0.10915912025435841
4 0.36013673437335425 0.5042716583442262 0.06359339281712934 0.12124128995962845
4 0.28618631057560645 0.40345089410793517 0.05744388787367489 0.11632869942520412
2 0.19355542704631865 0.36662576798341706 0.08901788811718962 0.21058221091351798
6 0.13340016769273877 0.7412840103656969 0.08840124692920547 0.14810319055886423