5 0.39905854954658193 0.2932026708245429 0.08474764348193495 0.18722112924153797
3 0.5592676557651133 0.4068835641800664 0.07878586231382091 0.1475017251383212
7 0.5579901522633082 0.6160741221294368 0.07666179527765274 0.15708913847132833
11 0.6478566264696588 0.2960976985506253 0.07502734169742126 0.18350347488125826
9 0.8417838879759934 0.6145670411423023 0.08305610694907546 0.170380220523426
8 0.7440361962770878 0.3789752903588764 0.08767607548142756 0.20527794667776172
12 0.8157689071604631 0.06239485139300189 0.07038526260215068 0.10655242667580378
12 0.7459962406367006 0.7661483631811841 0.08956819761641882 0.14642567283209745
10 0.7439035328995778 0.6314630503598553 0.06819125078656295 0.11373599385496483
10 0.7294217824880064 0.2200976739460094 0.06207671823281821 0.11006029641825134
10 0.7352750333963266 0.06025589035642896 0.06306880697148315 0.10286274359790172
10 0.5681450071059285 0.3083958000783181 0.05115449337138145 0.1063286564167829
10 0.5442480256621726 0.7577891600768496 0.07087487605808736 0.12337934975272692
4 0.4923466822990262 0.062238483143982934 0.05960292729955277 0.10762847898202763
4 0.32151521834485636 0.23098154158300493 0.060979712325024624 0.11365208000783183
4 0.340965070650011 0.14103310979041742 0.05719908114570661 0.10760050769965002
4 0.48648418265457877 0.3050409303236333 0.06087479515589541 0.1100463107770626
4 0.3721209927528753 0.5165226072320256 0.06486526067347197 0.1233094215467828
4 0.2958366675807009 0.4110322472212568 0.05871575573001753 0.11843180103314652
2 0.2008019378975668 0.37145185746461407 0.09035970075295169 0.21492130257552397
6 0.14043684420572847 0.7518880615604885 0.09087503786247111 0.1500454277040553