11 0.19413189221806199 0.26706299484650464 0.07358061189252983 0.17507602770160796
8 0.1787609476821572 0.3586189333104905 0.07664893345086131 0.19794053744552406
9 0.373279126722893 0.18442231687314917 0.06298600036527201 0.14131029641825135
9 0.17974581023949274 0.59907347690105 0.07277624692920547 0.1474317969323772
12 0.27528865085081716 0.7422413374014701 0.0676887755038351 0.1377604697522375
12 0.20816463720886919 0.04824390870587469 0.060560043648507575 0.09648781741174937
7 0.16917692236581783 0.48377277536356733 0.06662674198575108 0.1425541764187409
7 0.3667835109730056 0.04610494766930176 0.055682406561395774 0.09220989533860352
10 0.4496040599302396 0.28693457737601674 0.043663175792165006 0.09662935795426555
10 0.4377411936373038 0.12716272199238032 0.04129430202802863 0.09780330974881093
10 0.28869348336271533 0.04774042562307775 0.04854081287927681 0.0954808512461555
10 0.2875100577580461 0.2118715907310507 0.047408834581773224 0.10147900718552422
10 0.28709602472699147 0.40424921124468705 0.05698924680744806 0.10038896923811162
10 0.27932131493943246 0.508942389707694 0.05118946576109123 0.10753057949370597
10 0.2823639128441811 0.6135096974000016 0.053733201473776374 0.11236624308377575
10 0.473431096594576 0.7339240912207021 0.057303998314835965 0.11120627693041932
3 0.6020899036683776 0.11442938145720653 0.04842303388335609 0.13633477641629346
3 0.4572794881941318 0.3854363271189538 0.06425786822161464 0.14372812821328623
5 0.8086992808125615 0.2731374860451798 0.06931036725727543 0.15219753231650315
2 0.8134462770769614 0.35363836091664835 0.08121181903058527 0.18958301847181774
6 0.5977625760804949 0.05195638252522906 0.0500924598532975 0.10391276505045811
6 0.8773471952201495 0.7316287619351102 0.07719924295009051 0.13426658565097846
1 0.7702984383943157 0.19302820912699778 0.047221110806432876 0.13632079077510464
1 0.7390946820749503 0.6081951537482563 0.06302097275498178 0.14251221949517456
4 0.733578293236936 0.5012519711844801 0.05815619749466149 0.09920103180237728
4 0.7196134704707504 0.39320476503210233 0.05479523499186046 0.10757253641727232
4 0.6442826485568662 0.614107711709864 0.05596218567907375 0.10638459898153813
4 0.6731951340917751 0.7400159363218223 0.05603213045849332 0.10878844513538428
4 0.6903641228655354 0.2143979393943399 0.04970776356649017 0.09790120923713261
4 0.6783006709704679 0.13037520913923498 0.04380306535100413 0.10143705026195779
4 0.5280510376189564 0.049336179965613465 0.04253119749466149 0.09867235993122693
4 0.5314747187198479 0.2907912460828704 0.045144877986766065 0.10625872821083891