11 0.1943417265563205 0.2721061718207798 0.07227377164647748 0.17223968085085473
8 0.1789008372409962 0.36146810556517084 0.07530712081509924 0.1939302463757479
9 0.36995313660980184 0.18984086144022408 0.0617141325089295 0.13956395721282056
9 0.1797807826292025 0.5983868270697114 0.0714694066831531 0.14459545008162394
12 0.2740167829944746 0.7369136968092946 0.06641690764749253 0.1360700882626068
12 0.2083045267677082 0.05200239573619117 0.05843597661233947 0.10400479147238234
7 0.17048376261187018 0.48554593318963657 0.06535487412940845 0.1408498055001604
7 0.36331763130107536 0.0489681055651708 0.0535583395252276 0.0979362111303416
10 0.44500620196080587 0.2891238956934291 0.04359323101274544 0.09470115238472232
10 0.43321328044728946 0.13183982303733938 0.04002243417168599 0.09581915025122865
10 0.2865694163265472 0.052264139146313865 0.04486509886908808 0.09713297360870729
10 0.28655294140909127 0.21703950096533095 0.046136966725430724 0.09956479483269237
10 0.2848320681319843 0.40590927446308744 0.05575235134081534 0.09978859539380353
10 0.27818933664192885 0.50829653656266 0.04991759790474866 0.10565833542772432
10 0.28116198976725804 0.6104599981011215 0.052461333617433874 0.11052197787569444
10 0.4685534595074643 0.7263721200621791 0.05603213045849332 0.10940398000918815
3 0.5939562212475941 0.11727385594642045 0.04835308910393666 0.13444853913360047
3 0.45140976236835545 0.3851938166368586 0.06298600036527201 0.14199577843680553
5 0.7968898843815894 0.2713118155273498 0.068003527011223 0.14931921717889962
2 0.8016019082562793 0.35058278846399504 0.07990497878453286 0.18683060819476507
6 0.5895589488802918 0.05352201236351472 0.049030426335213415 0.10704402472702944
6 0.8640910689842858 0.7207740912172536 0.07472545201682479 0.13266014452280983
1 0.7597259374299763 0.1927961694844545 0.04594924295009051 0.13439258899332268
1 0.7282773743826426 0.6000532720094545 0.06174910489863915 0.14076588028974363
4 0.7228309303240478 0.4955419144574246 0.05688432963831885 0.0974127243100962
4 0.7089360523372817 0.39002445931944385 0.0535583395252276 0.10694418371506405
4 0.6358691870184047 0.6070150447178413 0.054690317822731115 0.10456831263135687
4 0.6647117277738942 0.7302256451680016 0.05476026260215095 0.10697215878520303
4 0.6809585725884093 0.21387329334439048 0.04843589571014753 0.09601497574220087
4 0.6689650654727615 0.13236632467473236 0.04256616988437127 0.10068279269919876
4 0.5211892230545155 0.055222462007691875 0.042461252715241926 0.09707702346842952
4 0.5256399652837812 0.2908553352248927 0.043873010130423426 0.10431653700010687