2 0.7812593966493556 0.594238295839951 0.08177352608936307 0.21675443696628266
6 0.9179787476657177 0.7445435278681151 0.07537931858984101 0.15043880734193302
12 0.6967829460084272 0.7450548518903285 0.07537232600593341 0.14923688426501022
4 0.7271642628936109 0.1813796336862793 0.054729856181018895 0.11246566661914503
4 0.6724989426780572 0.49705424446285645 0.057126709750957724 0.11134768769965411
5 0.6386554954035619 0.2590047982804972 0.07079538896718528 0.18873245748860745
3 0.4686886694551322 0.3863590642274061 0.06818875788002451 0.15379274410040614
4 0.5474072377321118 0.27902159933983955 0.04871324821249633 0.11105388314864174
11 0.3790960514594365 0.2776861518985471 0.0731852499532165 0.18641255549219338
8 0.276276088388829 0.37504575066812684 0.07455499504391722 0.2153006814170632
12 0.18266513871182755 0.19558529303695443 0.06929977736615142 0.13820971617912217
10 0.46087576877755754 0.28324551208431775 0.04990817870551194 0.10989393215043464
10 0.3781450600480304 0.11422461343700865 0.05476481910055607 0.11847528200376038
10 0.2875043558213743 0.03748185809258 0.04976832702736401 0.07496371618516
10 0.27305571262811607 0.6480501774445295 0.06203929081726113 0.12954442216836443