2 0.2679285459136943 0.6465049205590565 0.07688891535868937 0.20336539480526467
6 0.1384696814462225 0.7886485235210553 0.07051568561088928 0.14065553441168424
12 0.3464513218412666 0.787496231600469 0.07051568561088928 0.14065553441168424
4 0.3182570810087996 0.2611645729384674 0.05108213144680544 0.10512821192145844
4 0.36943550592000984 0.5562805751712041 0.05347898501674427 0.10401023300196745
5 0.4007842034498629 0.3337721848314128 0.0659177708204189 0.1765453384045125
3 0.5587807467164135 0.4522932684526998 0.06452704797799615 0.1440514432488733
4 0.48603683090451255 0.3511752793433288 0.045065523478282736 0.10371642845095508
11 0.6435237169009725 0.3506640062705151 0.0683076318064504 0.17422543640809843
8 0.7391671044295787 0.44176215718318307 0.06966339172933599 0.2007097161791221
12 0.8266985128828908 0.2741110699276613 0.06444313697110715 0.12962836632579638
10 0.5665516918905439 0.3563912547711498 0.04626045397129835 0.10255647745274811
10 0.6444117750572123 0.1980197755012843 0.05111709436634234 0.11113782730607383
10 0.7290918119866047 0.10720782101140729 0.04628143172302073 0.10616224668351731
10 0.7424853763649951 0.6979396608826627 0.05839156608304755 0.12220696747067777