2 0.765435253669862 0.3091839685261685 0.08657906957363355 0.20933832854590215
1 0.5942211159836828 0.1594863249209764 0.05856300434438703 0.15479023788674257
1 0.34003165539984115 0.5470753596379235 0.07295110887775416 0.15384007055397644
3 0.5876334448914574 0.3445614991217838 0.06333572426236955 0.153672233391205
3 0.41819885397087997 0.7949591452267497 0.08775888208763842 0.16731298014428722
6 0.5699121240636701 0.08570746503104756 0.05906547962711501 0.13077275599362742
6 0.5077377148430513 0.44538226335807474 0.07143443429344333 0.14300178321632237
4 0.7222504200427087 0.801468918576316 0.07476042440653458 0.13344933753697702
4 0.6764708354146358 0.3497197621081878 0.05857586617117833 0.11394583291670433
4 0.48428655774832663 0.17680794642522185 0.05129438293022058 0.11141610889077966
4 0.41196133879468344 0.18276070616597537 0.060944739935314976 0.11278586913047409
4 0.5960412707844565 0.5515440240967101 0.061154574273573396 0.11999740759201262
4 0.5249915327778205 0.67897493318808 0.06861091946308019 0.1285367470025527
8 0.14202548612425675 0.40893539460434114 0.09035970075295169 0.2154108828665568
9 0.2052836074069465 0.7972553633850498 0.08171429431331333 0.1660061588406321
11 0.3360524611731895 0.14656223963303552 0.06901772631280573 0.18380422889566772
12 0.1912713824431911 0.0803007998238498 0.06500515023231096 0.12847380806651335
7 0.33868622967341455 0.42800105644115327 0.0693103672572753 0.15257520854101408
7 0.17492482408607765 0.14615481331046204 0.06326577948295012 0.151268387237359
10 0.4064505856021316 0.08285423326393507 0.05719908114570661 0.10791523788674254
10 0.2621056504661062 0.1669170966515196 0.056067102848203106 0.11029810439524229
10 0.241514571127321 0.33731743818509313 0.05613704762762253 0.11270195054908837
10 0.2408758193764185 0.4419267051680937 0.06462045394550363 0.11525265422035957
10 0.22330884047012817 0.6737090422061297 0.07207679913501036 0.12379199363089964