5 0.7829491978894977 0.31479936100364825 0.06702879030654593 0.16057732758788268
2 0.7941930532001569 0.38843142020334376 0.07558210352315506 0.18486059585431255
1 0.7524046475089955 0.22858851279936593 0.04521236774033792 0.12869782457310713
1 0.8081554209404948 0.5162199626439972 0.06447809989064432 0.13526699819307864
3 0.7435366680165532 0.15021870607139765 0.05480677460400056 0.1253718344600159
3 0.8304753095480353 0.6346379271972343 0.07526044466341485 0.12957213431585102
6 0.7419501528247232 0.08407796445091865 0.04992216387332686 0.11201079105502301
6 0.8444236921205585 0.7600226234840417 0.07166166801655321 0.13066914022364473
4 0.6602053984261391 0.07929599579680918 0.04022986083496086 0.09850985809119112
4 0.6654885864395346 0.16116665458641746 0.041417798744069284 0.09614098432705472
4 0.6767813898375453 0.24321217532457445 0.040208883083238604 0.09490408886042193
4 0.6868792627425404 0.3264246467499448 0.04384262264963741 0.0998166983372435
4 0.6994369224726409 0.4193224475701192 0.04624646880348356 0.09988664311666294
4 0.713280416286553 0.5266782977030804 0.048657307541237045 0.10115851097300557
4 0.7259289796074497 0.6352010985232549 0.054687900677574675 0.10493914215232372
4 0.7422392528303748 0.7534442011279432 0.052339995194987936 0.11448458198828877
11 0.18671144072876283 0.283029978784533 0.0622770386701127 0.17005282264442828
8 0.1727848372631112 0.3679468485695544 0.06722458265595294 0.19423117374172882
7 0.19225954557548997 0.20387791765615867 0.04886009247455165 0.13601428020377482
7 0.160276926975512 0.490158306128901 0.0572595688451984 0.13385524077789684
9 0.20744401278932387 0.12861140487623166 0.057231598509568826 0.1290475484702046
9 0.16696482299914497 0.6069197065389882 0.06692390154793483 0.1425484814340365
12 0.20822638083180303 0.05653099265055679 0.04626045397129835 0.10229048927050914
12 0.14375847894566382 0.7492491048986392 0.06809086170532094 0.1365738384391308
10 0.2839685124296791 0.06234002243304057 0.042619721820992156 0.09617595671676447
10 0.282040161981536 0.1440008468843903 0.0413968209923469 0.09253521509628548
10 0.28013278928511515 0.22926744056650927 0.040222868251053395 0.09730793501426802
10 0.2758075852670333 0.31206024331536253 0.04503755314265316 0.09864974765003008
10 0.2775968853921778 0.41305675416661075 0.045044545726560484 0.09985167072695329
10 0.2661930020067981 0.518476261038744 0.04867129270905197 0.10356235712685173
10 0.2655994337298187 0.6230085963413419 0.04988020836988237 0.10479925259348459
10 0.2554953695960656 0.7452899986801079 0.05831464766006615 0.10864982855222202