11 0.671804229728742 0.12895953823746265 0.07310920720510367 0.19076529406979859
8 0.8573462399623094 0.3026844618014151 0.08423419900356503 0.21752235326949404
9 0.5538996727341998 0.6521494136867632 0.07050956207461431 0.17386842621345594
6 0.750642497429371 0.06993466664551977 0.0660226974489504 0.09804235519817292
12 0.586285877931749 0.14210149856807006 0.061732473865243845 0.14237361948548774
7 0.5673322953288138 0.4277045498095355 0.06317215284237662 0.16284128418288984
10 0.7448278389560848 0.1563332386251423 0.051837376426083034 0.11805537882934815
10 0.7583829640601418 0.33467249507598446 0.06027880924692233 0.12070403171116258
10 0.6635429261127291 0.32229429167352924 0.05793090565783142 0.1254417792394353
10 0.6547082112079755 0.564907891263442 0.06278055488909036 0.12918743802904367
3 0.7726636583753886 0.6573124655370155 0.07650519181804082 0.17284136508508177
1 0.5000402727929383 0.21774345889867747 0.05951044104685215 0.15792867470606825
2 0.22158487483475695 0.2793763753372626 0.09270360310678182 0.2225748523051547
4 0.31360149739265936 0.32774232626799066 0.05780503488713219 0.11462447154712763
4 0.3905928183910522 0.5307716578349883 0.0555830020687405 0.1301795267677082
4 0.4599398881163677 0.6674504134432484 0.06515642976055862 0.12685353665461682