6 0.8644822852298554 0.7338605694364292 0.08097722873720195 0.1432115796697864
2 0.8254596369901368 0.4796822664891293 0.0974273815673414 0.2143977765977514
5 0.610383650296222 0.282674509869291 0.0682315866914675 0.18384618818636048
9 0.5123417425818874 0.12209326611238885 0.07008999283895015 0.13701314747705334
4 0.5283155415462933 0.05029750921126259 0.05048161129608326 0.10059501842252518
4 0.7127017959530744 0.3974987581217305 0.0566730400161531 0.11995544830131973
4 0.6889273774665721 0.2139821609687353 0.05893702975811102 0.10797817682278178
4 0.5263888913234946 0.2961623158127708 0.05175346257895031 0.11025614510454947
4 0.6417751908387381 0.500920998380977 0.05906290052881037 0.11879548451508953
3 0.4481528482592982 0.39129697240563427 0.0653662143783907 0.14414076735720618
9 0.16097883085244374 0.6102953746264281 0.07988719078978922 0.15280598463982478
11 0.3651913426039143 0.28695435751995974 0.06934959592125758 0.17665562937016852
8 0.26996054876852915 0.36795965222459603 0.08170448207901966 0.20571157966978654
10 0.26694386059831776 0.6252760889128666 0.06145276104146779 0.11763552072885922
12 0.25888088215489036 0.7588573876140996 0.07377967591685224 0.14428762487463095
12 0.2001206133403493 0.050219362044779836 0.06490468821916018 0.10043872408955967
10 0.28187935385349616 0.05188367570016485 0.05895101539930003 0.1037673514003297
10 0.4434701846569911 0.29881183441859654 0.060166924117411855 0.11040300262197437
10 0.2874151415683203 0.21497974712982262 0.050649438990348905 0.11864862699766462
7 0.4482244605958703 0.6040793163117117 0.0715017005337053 0.15506297327624602
10 0.4595041365127226 0.7469403253027865 0.06272461232433485 0.12366611575882111