6 0.1569236921205585 0.7311354295837843 0.08015204797799608 0.14413510079776706
2 0.18551731159089657 0.4802611198410404 0.08173157058591865 0.20907391934132272
4 0.47390732150306225 0.05053402308326715 0.046302409474742706 0.1010680461665343
3 0.5575750364761808 0.3768716021079395 0.06932774770178099 0.14261842621345594
8 0.7329229466127095 0.3489290947487768 0.07812580135514935 0.20896900217219366
11 0.6386904583230989 0.26872424883844537 0.0684125205650611 0.19186229997759247
5 0.39831283552239094 0.2769206498573194 0.06834958730989463 0.1810449922852847
4 0.331332993303197 0.1286037466759713 0.04992216387332686 0.11201079105502305
4 0.32219310439351545 0.21061429502441859 0.05111709436634248 0.11084384036780968
4 0.2980225851159627 0.3952429459775542 0.05350695535237385 0.10850993899338303
4 0.37433810859424543 0.4952031469643012 0.06199034272990932 0.12077397649058214
4 0.4824824138265434 0.280482197962252 0.05477181168446339 0.11936221907540051
9 0.4911258292787996 0.11313511115226624 0.06697984221919398 0.15216386604942114
9 0.8400347534921606 0.5766207552235492 0.07661620458630071 0.15604941439786849
12 0.7471378487288634 0.7259832170055254 0.08619662628214843 0.15031957813093108
12 0.7935769044611564 0.0417896247491957 0.06191342430692806 0.0835792494983914
7 0.5623835301390225 0.5834974541695794 0.06818176529611705 0.1521988384391309
10 0.5618303146551886 0.28177978947217736 0.05468090809366735 0.10373721907540051
10 0.714229003632511 0.039267999599428866 0.05225608418809895 0.07853599919885773
10 0.7151730024600098 0.19076486205086726 0.05236097294670991 0.11809035121905787
10 0.7415609721913572 0.593911568102826 0.064387196299848 0.11964199819307862
10 0.5511754391030499 0.7232702549897538 0.060767441901264124 0.11713323487010313