2 0.7852605535256969 0.30294195656797296 0.10258876586044116 0.22451161245112963
3 0.6431683036937538 0.8033006085317648 0.09645212274377822 0.17867064721318854
6 0.6765464158395178 0.15236196578404954 0.06924042247785586 0.15130495378912784
4 0.7067930558099285 0.560080988539111 0.06733905160673768 0.12722452017195024
4 0.5169298176912545 0.3453068474007038 0.06009254075548945 0.1257707646227309
1 0.5290133575944422 0.5502633516583675 0.0683882232980302 0.16328221247964253
1 0.3440333922083425 0.12631262305662871 0.07948531010801602 0.1732753458034716
8 0.15007636193882934 0.38302810470179594 0.10272865541928004 0.22931930475882195
10 0.32094077572791097 0.5478098743481843 0.06627701808865347 0.13199024040092658
9 0.17590405099795078 0.1156288397286904 0.08089706752319757 0.1805288563437261
7 0.5093134949347882 0.06952082576201056 0.06787649927917531 0.10442995378912785
7 0.1099305131257602 0.6463179354995396 0.0829162173902364 0.1673916466550043