2 0.1935096153846154 0.3194834921315421 0.09615384615384616 0.22163029470463622
3 0.31971153846153844 0.8228882779698388 0.09014423076923077 0.17705424263175035
6 0.30528846153846156 0.17479998376414335 0.06490384615384616 0.14896943931024487
4 0.26322115384615385 0.5779118500231727 0.06370192307692307 0.12490999812643694
4 0.45913461538461536 0.37460076298386913 0.056490384615384616 0.12478412025435841
1 0.4411057692307692 0.5786129913805961 0.06370192307692307 0.16096769043412926
1 0.6370192307692307 0.16616728895667704 0.07451923076923077 0.1719738149345547
8 0.8221153846153846 0.4326193081861789 0.09615384615384616 0.22643798701232853
10 0.6466346153846154 0.5858062799656023 0.06129807692307692 0.1296757311434365
9 0.8040865384615384 0.16547769042905955 0.07572115384615384 0.17800440996451644
7 0.4735576923076923 0.08038136488187228 0.06490384615384616 0.14536367007947565
7 0.8545673076923077 0.6940030663028398 0.078125 0.16482521540905554