6 0.8561785877991697 0.7660233344757988 0.07536533342202581 0.14629980206139812
2 0.7356933929379006 0.6083607847157297 0.09386268269766763 0.22703843283307634
5 0.6089756213621289 0.2823450903392969 0.07438018044623226 0.18354543180482474
4 0.6959126601833122 0.21484244112027537 0.049936149041141784 0.11355418051951016
4 0.6352982537728613 0.5098302216251009 0.05359785894317016 0.12321152205846121
4 0.5223882117363156 0.2897515857121646 0.05355590343972567 0.11599998359692275
3 0.44128597370206274 0.38737224006020704 0.07899907298842475 0.15114945129265678
11 0.3590105842816659 0.27342646158741035 0.07085132963844441 0.1967246287274121
8 0.26122127484863794 0.346812855420348 0.07699380411730034 0.21963109539489467
10 0.4370656584425919 0.28635475903391333 0.059572511408248374 0.1172718348797898
10 0.3659362281581504 0.11604446671643129 0.055945764425757036 0.11362410872545421
10 0.27982431423804016 0.041720192858529716 0.05092130201693534 0.0763085507760836
10 0.2464757377106713 0.608678244136502 0.06808386912141355 0.13419665744503448
12 0.1780446434593361 0.1811703989986702 0.06810484687313573 0.13780242667580378
12 0.6507686155717491 0.743199097524821 0.079075991411406 0.16437060513881063