6 0.8842222668022987 0.8241176936200328 0.08212761468386603 0.15082886602735057
2 0.7660064763484554 0.6613804921649579 0.1030525342691194 0.2341811843871261
5 0.6454212036912609 0.3253705421419877 0.0810249029702173 0.188032531271688
4 0.7368398640278151 0.25652723579380404 0.0545100887875094 0.11655956833044873
4 0.6649648232682954 0.557985122601336 0.058451634648006984 0.12625887815625006
4 0.557387014524864 0.3317418235603103 0.05819980217571072 0.1190473396947116
3 0.4709286676050241 0.4307730821822654 0.08469934915257664 0.15569250847532054
11 0.3895794766215097 0.31460415989471185 0.0791247217609638 0.20239965805448726
8 0.28717562027778365 0.38800338291933784 0.08472988356426094 0.2253480967965812
10 0.4684866789112724 0.3284697452931094 0.06545331271596516 0.12041711319246796
10 0.4012553226327909 0.15248441986079095 0.06051970417212479 0.11669944368114321
10 0.3166208718423934 0.06149993204834429 0.05906594862290545 0.10945993014946585
10 0.2645946928779522 0.6557245033016562 0.07325246027952823 0.13741188669022447
12 0.20775714491520722 0.21654599909332284 0.07337837651567636 0.14101765592099363
12 0.6745992536789328 0.7987893640380347 0.08516104201845291 0.1689136623214744