6 0.8579573978480466 0.7415865384615384 0.07373771899328574 0.13942307692307693
2 0.7431190645351086 0.5913461538461539 0.09147370874748126 0.21754807692307693
5 0.6229572543211207 0.27884615384615385 0.07175344207510374 0.17548076923076922
4 0.7078610799711201 0.2127403846153846 0.04814769334818108 0.109375
4 0.6468541753170661 0.49759615384615385 0.053053285144195265 0.11778846153846154
4 0.5399266625251067 0.28725961538461536 0.05176744822013919 0.11057692307692307
3 0.46071078251238 0.38100961538461536 0.07741341642999909 0.14543269230769232
11 0.3814266584243373 0.27403846153846156 0.06950343797433443 0.18870192307692307
8 0.286851505594198 0.3449519230769231 0.07456287182342532 0.21033653846153846
10 0.457021941499792 0.2848557692307692 0.05899297232286653 0.11177884615384616
10 0.38921245023993084 0.12139423076923077 0.054157308732796464 0.109375
10 0.30717483896832193 0.04447115384615385 0.053919552832586905 0.0889423076923077
10 0.27189529017531844 0.5973557692307693 0.06640030976104813 0.12860576923076922
12 0.2081687640772739 0.18629807692307693 0.06642828104342574 0.1310096153846154
12 0.6610657834916829 0.7223557692307693 0.07755327284188732 0.15745192307692307