5 0.19780873173456173 0.27648153721418633 0.07963766366559841 0.16959094842605496
2 0.19123861000811937 0.3522866096417258 0.08025311520865401 0.19603325611836267
6 0.13088364595737118 0.7257848882377755 0.08008425984877149 0.13716000499447828
6 0.24762312397724354 0.04850868256820618 0.04802298281474368 0.09701736513641236
1 0.22989898877777765 0.18821666146514132 0.05132203121303428 0.14026226273693349
1 0.26592066650293755 0.6020828964804391 0.0657451081361112 0.14051401848109057
4 0.32949376855870727 0.04148003356124531 0.0465133339662928 0.08296006712249061
4 0.30877831073247847 0.20606277410304713 0.04321529050705131 0.10167484640331657
4 0.3228117465517093 0.11931451611112144 0.043131365296634666 0.09806907717254734
4 0.2673204249489312 0.49032502997193933 0.056380494212927415 0.09950177634828104
4 0.28305933510758513 0.3819211769500518 0.04693296001837615 0.10654547764704822
4 0.33026300137590753 0.728311882494886 0.051768627396207294 0.1078313193053568
4 0.35961471636265974 0.6028503302972648 0.055486296907532144 0.11270195054908837
4 0.4705613449856835 0.27532492695131927 0.04805095788488259 0.10296068806162537
3 0.401272447393376 0.10352776224052751 0.054703999882692415 0.1307098170575882
3 0.5441563935012818 0.3653493631406489 0.05987536810219041 0.14641873563897378
11 0.808889206073985 0.2441892619935919 0.06652841009999996 0.17416786463493672
8 0.8224720259538459 0.33165691121947316 0.07058178045299165 0.19346157280174509
7 0.8046140450379806 0.16977492945109324 0.05244002907954071 0.13667747315151071
7 0.8326159220847219 0.46363767358220104 0.05962359247094021 0.1356014279466661
9 0.6303631739542734 0.17161505494940038 0.052663829640651943 0.14629285776689532
9 0.825122623043696 0.5791062075482021 0.0718666238012822 0.14542660901551502
12 0.7304754109211532 0.7225275836714526 0.06454318505918813 0.1404930388357439
12 0.7934920263912927 0.03532759662477176 0.04642940875587616 0.07065519324954352
10 0.7141930783845084 0.03478653237626077 0.039161920154060025 0.06957306475252154
10 0.7124586240358973 0.10290172640349823 0.041761591798878436 0.0908365590656625
10 0.7139662630062497 0.19298301823668973 0.04184551700929481 0.09444232829643166
10 0.7179896484110041 0.2782146584714961 0.0468210597378204 0.10173778533935583
10 0.7167857154559825 0.38155906344153434 0.05039885389845093 0.10059880119847196
10 0.7251691920462069 0.48593755432572433 0.05048277910886757 0.1042045704292412
10 0.7239093089509077 0.5916858054496087 0.05297055047313037 0.10785229895070331
10 0.531096055502617 0.7200005894143422 0.055570222117948785 0.1163077197798576