10 0.23393618246818695 0.15859282827987717 0.06657129163545615 0.11876908655477272
7 0.40320125451017136 0.4460966680085676 0.06890646083771247 0.15126298171041178
8 0.11098515524765211 0.3023161030272434 0.08936968755708904 0.22160410135269096
11 0.3102449454163654 0.1444101461620648 0.07393928074482704 0.1922542825619446
12 0.3981455592689933 0.34964901730370906 0.06968866312747497 0.1392857230198971
9 0.4023121817795135 0.6783196543270177 0.0767056084012754 0.16834173725963097
10 0.20961152450693435 0.338251708637598 0.06450322211133834 0.12830052701272512
10 0.30222061930398025 0.580960055557438 0.06703298450133263 0.13199024040092658
6 0.23115841714470683 0.06583489096322002 0.06648734747802407 0.11636524040092654
3 0.18248617493873856 0.6670329946912126 0.07919339871255371 0.17082952757090936
2 0.7554257848720016 0.31880352183442706 0.1026328134819591 0.22326771729549044
4 0.49903836982954214 0.6997482388568633 0.06454519419005432 0.1295024500896482
4 0.5612293490220873 0.36617452770139863 0.05712379533493571 0.12324100223273668
4 0.5722068859516383 0.5687271858052162 0.06475505458363474 0.13551206547426384