10 0.7626748717744765 0.1457931012502793 0.0638566071953138 0.11695015282472318
7 0.580315693274758 0.42808499625248164 0.06543614258433468 0.14940906848555371
8 0.8787430994467152 0.29294436648889277 0.08427615592713139 0.21922549570570313
11 0.6871495169049658 0.12940671095952233 0.06951742361552303 0.19029543085266043
12 0.5898480061083238 0.33188220201128377 0.06649820924936979 0.13739683030023025
9 0.5704049260637803 0.6600981056020798 0.07284348002251648 0.16627794706592114
10 0.7798077948269252 0.32596968144622246 0.06156464617097813 0.126551552272293
10 0.6748611906918917 0.5657467433860437 0.06401044924839064 0.130171306670877
6 0.7697613815306297 0.05524160737155196 0.06382863591293632 0.11048321474310392
3 0.7903988060642698 0.6552126935162568 0.07527529745874026 0.16869577838758196
2 0.23458225842188993 0.29068277607864285 0.09751129541447412 0.22050433720560747
4 0.4728393722151791 0.6786933510524253 0.06157863181216701 0.12775347534921594
4 0.4262605968760861 0.3436505011149975 0.054297165144684564 0.12170190446115633
4 0.40588216300252095 0.5456784667966855 0.06164856001811113 0.13376309073383147