7 0.45066367444774297 0.4098557692307692 0.06761022040353382 0.15504807692307693
12 0.44411467157629825 0.31009615384615385 0.07220811625776181 0.14302884615384615
11 0.34804201423502346 0.10817307692307693 0.07543016858011817 0.18990384615384615
9 0.4702538274182156 0.6370192307692307 0.08203329732661074 0.15504807692307693
10 0.3640920666795803 0.5456730769230769 0.06004202797110626 0.1346153846153846
10 0.2727614329411444 0.13341346153846154 0.0536337993249089 0.11177884615384616
10 0.25661467157629825 0.31009615384615385 0.06579988761156458 0.1201923076923077
8 0.1562466464766368 0.27524038461538464 0.08921777285062528 0.22235576923076922
6 0.2676870885361261 0.04927884615384615 0.06422033091840604 0.0985576923076923
3 0.2393587187769063 0.6298076923076923 0.09074047389992196 0.171875
2 0.7956067844636745 0.27163461538461536 0.09263472527327685 0.21153846153846154
4 0.6053402010467619 0.31971153846153844 0.058546389859333366 0.11778846153846154
4 0.44059555069572887 0.5216346153846154 0.06103415459456517 0.12259615384615384
4 0.5619566352352584 0.6574519230769231 0.06339604145771843 0.1201923076923077