2 0.7078268216614318 0.3175195947754217 0.09515176832409203 0.2167177041702119
11 0.7517074842175215 0.13807031905081676 0.08712895282852556 0.1817360570673642
7 0.45120476955090855 0.4415937606113652 0.0673386821949788 0.15736192120336
12 0.4428732233447653 0.3417292470000177 0.07664634103883554 0.14430860451997746
6 0.2646478824232373 0.06589261925394188 0.06171971285325862 0.12242223339120513
8 0.15958204816367547 0.3007413380359178 0.09288779752094033 0.22268536026413446
10 0.2703238068442843 0.1548978658822888 0.06403963379668813 0.11885842345112867
10 0.36408184635667784 0.5698279795180763 0.06647145502067311 0.12010230581874463
10 0.25649122121127166 0.33487163274055415 0.06057373991661335 0.12480509989970479
4 0.3515570544468487 0.44466014235530504 0.06163578764284198 0.11881646416043577
4 0.60284089285609 0.34932723213878325 0.06166376271298081 0.120018387237359
4 0.5613670912709942 0.6838036051411187 0.059371816839690277 0.12478412025435841