5 0.8152929179111906 0.29072944617321655 0.07280152309894998 0.16349741446005386
2 0.8192055291827993 0.36773644167767916 0.07561095284727169 0.19839514298151592
1 0.7344538614552486 0.6259252104095074 0.05818264719922986 0.14641873563897378
1 0.7838899179234277 0.20001876497963256 0.05453492104489426 0.14275002747216536
12 0.8676287250281864 0.752073007611383 0.07861533950692216 0.1467753896098629
12 0.7734650502497206 0.06278973775693765 0.05281552924398543 0.09825789398066509
3 0.4535132296920303 0.38780093718467656 0.06169051694167749 0.13806821303655153
3 0.6153977589604901 0.11292601960117261 0.05088719489055867 0.13908131930535686
4 0.6933269599838469 0.1311166196256127 0.043088259499090335 0.08847467220250914
4 0.6870384738407694 0.051663818676611135 0.04658214360034908 0.07892222652316379
4 0.7345526030088844 0.514125384610315 0.05048161129608312 0.10422555007458757
4 0.7238340368702123 0.40213674200300464 0.050509582578460874 0.10662939622843372
4 0.7019773353572041 0.21421714909607634 0.04570189027076857 0.10654547764704815
4 0.5339869753464354 0.2906279014698476 0.043340001040488775 0.11010928758712456
4 0.6346802604294445 0.625385822922678 0.05301132822062863 0.11508481705758829
4 0.6632178881041306 0.7557180063640307 0.056687025657341704 0.12115737137824294
12 0.20988899794349675 0.04213297639716115 0.057385465651468036 0.07790912025435845
12 0.2509303014371375 0.7509258341640564 0.07133387283943972 0.14063989635316895
8 0.17023699585028187 0.3503978178059995 0.0805305302844742 0.20809444617828618
11 0.18570899586251907 0.2605053427809257 0.07896498053664221 0.17682346653293982
7 0.15547742147335963 0.48237858016872737 0.0666100943788802 0.1477675162333219
7 0.37572641127650375 0.04743201360881263 0.0562394851393002 0.08269583291670433
9 0.3754038994638472 0.17846260863877444 0.05932862771139769 0.14163202297662794
9 0.1637222132522415 0.6003348788699602 0.07622547899426482 0.1479353533960932
10 0.4577309988738508 0.7485247177790246 0.05780503488713206 0.11396681256205071
10 0.26699054044461856 0.5071662256474825 0.05048161129608326 0.10422555007458757
10 0.2633140009425912 0.6164992663567896 0.06138283283552381 0.11162590534424383
10 0.27903858456154096 0.4015858116863695 0.05055153950202724 0.11023516545920295
10 0.4510402973975542 0.29038222901786803 0.046861856424125284 0.10296068806162537
10 0.4445848256255252 0.12196614073121241 0.04683388514174753 0.10055684190777914
10 0.2873558307423089 0.20337340222079378 0.046931784630069265 0.10897030344624074
10 0.29279371896881146 0.04598441807990997 0.04902794667776174 0.08256995504462585