12 0.19570451898594352 0.08646933705453698 0.07120800206874044 0.12901133909739834
12 0.19570451898594352 0.08646933705453698 0.07120800206874044 0.12901133909739834
8 0.16698676210643104 0.40719399882749874 0.09157160823580278 0.22647898967068597
11 0.3466441856607683 0.1474395638891156 0.07066340412769115 0.18549473112887555
7 0.18323858976398505 0.15129626478540176 0.06183037335356552 0.14938809073383147
7 0.3619640277505567 0.43116333588203576 0.07027180617440475 0.1518408849750293
9 0.2399857683126524 0.7934098838025281 0.08733648515153739 0.17237147345742526
10 0.27236271079174723 0.1674387159945492 0.049503458478181064 0.12287585720244977
10 0.26116947491796993 0.341640643725414 0.0565751405278315 0.11089858193666344
10 0.2611283600597175 0.441393266526122 0.05911884309356568 0.12293179787370899
10 0.36237045341034607 0.5693774971442822 0.06391254976006919 0.12175784513241548
2 0.7775768287592288 0.30858976249790293 0.08783996823433426 0.21564070422665602
3 0.4490784267737013 0.7910208241716462 0.07881113848356537 0.1627071407546888
1 0.6028076430984606 0.16215013810754528 0.05213107489104811 0.14212061160103379
3 0.44277090259755086 0.24895351647933855 0.06533824309601308 0.14099560694709204
6 0.5742683312931464 0.0850662317545982 0.05559698770992924 0.13012235858352522
6 0.5054798451500689 0.16398758496489219 0.06164856001811113 0.13376309073383147
4 0.42036707694755127 0.18272188073823614 0.04934961642510416 0.10965470335629593
4 0.7567567488248202 0.791609002575017 0.06750433334964967 0.12057689980721438
4 0.6915278646623755 0.350153604148878 0.05295538565587339 0.1096756811080181
4 0.614508572381605 0.5480094013032973 0.05542916001566366 0.11569928166044828
4 0.5522611559883175 0.6726387943562053 0.05906290052881037 0.11812410556601668