6 0.8719840118829005 0.7161052005727047 0.08025693673660711 0.1603172797686576
4 0.5338846014227904 0.037891041856723436 0.05574297949244229 0.07578208371344687
2 0.8169107177352694 0.34021095118770706 0.08899904971871618 0.216856612471394
5 0.6157140681834126 0.25964794346947334 0.07200430462801567 0.18791256245053653
4 0.7233774878363988 0.37801598811709947 0.06190643172302046 0.10492392947158508
4 0.6970742304670896 0.19547052468684717 0.05949559298526698 0.10370802122684715
4 0.6845375484887115 0.10659814283361348 0.05111709436634234 0.10966868852411074
4 0.5340532247917172 0.2721426699444072 0.04873422596421843 0.11326047258706516
4 0.6483206294614478 0.4926392132109579 0.059586496576063026 0.11933302122684708
3 0.45168693178052427 0.36998092746478695 0.07417739551291766 0.14826308607988964
7 0.4577462966076408 0.5850971878983882 0.07180851227860853 0.15425871629669038
11 0.3693198374141818 0.26108142317049 0.06965639914542866 0.1975139618981063
9 0.5234379006775747 0.10032361061566639 0.06098421200239338 0.1529938599646007
9 0.16808982765308667 0.5879843236969942 0.08262581997091623 0.15432164955185698
8 0.17145005509194755 0.3391582764382876 0.0829544714145639 0.2108120341672416
12 0.2057596014227903 0.03886475916582865 0.06896413333859627 0.0777295183316573
12 0.2626789377219744 0.7316696713829862 0.08017302572971825 0.14589420284558066
10 0.2691282845376065 0.6006181004949265 0.06200432789772417 0.12175085254850816
10 0.4511135399001176 0.2714232351570946 0.05714768750267997 0.1133094206744169
10 0.2886783085626678 0.036493927446755274 0.050914309433027945 0.07298785489351055
10 0.29197720545666095 0.18941356392517886 0.055889823754497754 0.10368704347512497
10 0.4657619822185301 0.7232763862410976 0.06683999054104597 0.12658651519182976