10 0.7057551554095606 0.15745192307692307 0.046136966725430724 0.0985576923076923
4 0.26159753953791576 0.3449519230769231 0.048750647217535296 0.10576923076923077
2 0.16807948443909265 0.2956730769230769 0.08212110116303893 0.21995192307692307
4 0.44811469953537814 0.2548076923076923 0.04730391741264402 0.09735576923076923
10 0.7126961634895479 0.08413461538461539 0.06090976754560519 0.11057692307692307
4 0.3822280133789944 0.16466346153846154 0.054725290212440894 0.1045673076923077
1 0.2108076544452212 0.14903846153846154 0.0628810831961428 0.13701923076923078
11 0.7020223584467438 0.203125 0.07850608319614293 0.13701923076923078
10 0.7030880050554924 0.3317307692307692 0.06514503979114969 0.13221153846153846
4 0.2981376191202157 0.08052884615384616 0.04726894502293423 0.09615384615384616
10 0.5518298080478603 0.24278846153846154 0.05139930009934979 0.1141826923076923
8 0.8196303223911942 0.41586538461538464 0.08011481312279155 0.19230769230769232
7 0.798373177112057 0.15504807692307693 0.07436286629293594 0.15985576923076922
3 0.44192097346608705 0.34375 0.07005764926797148 0.13581730769230768
12 0.794322015551188 0.08774038461538461 0.07549484459043945 0.15745192307692307
10 0.5205428131033526 0.5745192307692307 0.06716418965818878 0.11899038461538461
3 0.3497226204401077 0.3317307692307692 0.06687154871371935 0.1502403846153846
5 0.2301634288532401 0.4338942307692308 0.08174926670302304 0.1658653846153846
4 0.39483411657303064 0.6814903846153846 0.06458548155579386 0.11298076923076923
10 0.716704694460447 0.6899038461538461 0.058540893781468546 0.11177884615384616
6 0.22997772763269783 0.06850961538461539 0.059567954909842985 0.10576923076923077
4 0.3442797894721774 0.5600961538461539 0.06129446383241252 0.12379807692307693
6 0.07014363694591556 0.8112980769230769 0.08139954280592553 0.15384615384615385
7 0.8383087595679363 0.6826923076923077 0.07892575187265977 0.15144230769230768
3 0.11485237133870871 0.5552884615384616 0.09038542440653453 0.13221153846153846
9 0.8190394048567928 0.5600961538461539 0.08030253689813148 0.15745192307692307
9 0.620295202306639 0.3269230769230769 0.06931036725727516 0.15144230769230768
10 0.710897687232761 0.43509615384615385 0.07005764926797134 0.13581730769230768
4 0.42403562996174443 0.46274038461538464 0.061154574273573396 0.11899038461538461
10 0.5087756152434191 0.8137019230769231 0.06981284254000328 0.12740384615384615
12 0.6061663568638982 0.8125 0.07899569665207934 0.15384615384615385
4 0.17955360933562534 0.8100961538461539 0.062426442129915966 0.12139423076923077