2 0.2203293931824014 0.2571039104659922 0.0816314877071024 0.2044467176568242
5 0.2949849004198067 0.3844718806213229 0.07760604979981604 0.18996070179770802
6 0.15826958188597023 0.7692639154604706 0.08585751121652024 0.14325353896047943
6 0.2550396372088692 0.047332984047966126 0.0641658128792768 0.09466596809593225
1 0.6640416167239463 0.5042959915129357 0.07171421341112158 0.15261716783170698
1 0.342884938993383 0.04984629089767741 0.058331059443210126 0.09969258179535483
3 0.397174085611851 0.30091588224541554 0.0644677025598732 0.15128936688270536
3 0.3648640746485649 0.6369867082940786 0.07383828044728948 0.14304374250701513
4 0.41181263251864897 0.5147113324202983 0.0648302882837622 0.12246419268189804
4 0.2701183728192359 0.7697166545971 0.06836611273511185 0.12012328546409087
4 0.3167501566271342 0.30592728771439454 0.04896048155579385 0.11377799575393305
4 0.4233880614936464 0.12729348838948565 0.047758558478870776 0.1137570161085866
4 0.49302040643963846 0.04490831418741081 0.0533135327972594 0.08981662837482161
4 0.49091483687572407 0.21630481831001 0.052671167955692294 0.11744670392074148
4 0.6649545119470643 0.41168497565381956 0.05129438293022058 0.11141610889077978
4 0.47317704113048087 0.6399062325205935 0.05638185435559087 0.12111541208754992
12 0.821215351219058 0.04476465425471184 0.057094163976577544 0.08952930850942369
12 0.685773923096362 0.7552461588457018 0.07291613648804465 0.15263814747705323
11 0.7432266276872325 0.16740695929576252 0.07605440282579543 0.1779204913831308
8 0.8678825394355972 0.3600415128680059 0.08279843839431568 0.2032657742252475
7 0.8336413888380143 0.09247421891178081 0.06312588992411114 0.14646069492966665
7 0.8950170687407711 0.6313404539270787 0.07638201615997477 0.14789339410540017
9 0.870982220292974 0.5078990309748908 0.08221676959604124 0.14198867694751696
9 0.6647832630891801 0.281814344410088 0.06408300627306601 0.13806821303655153
10 0.5924837677891198 0.19408885614787239 0.05380314625319581 0.11506383741224177
10 0.5951139231986804 0.04192380369824597 0.05561246178197621 0.08384760739649194
10 0.7427149036683776 0.10849174888118532 0.05352336713551809 0.10544845279685712
10 0.7600849100632008 0.29217618319695193 0.0537681738634863 0.1138619143353187
10 0.7857819582996102 0.6380572939612947 0.06359339281712934 0.12124128995962845
10 0.7654264369526663 0.3930957623677976 0.05995265119665032 0.1199764279466661
10 0.5877130704259351 0.5260713811227986 0.05390806342232515 0.118669606643011
10 0.5804243610036482 0.7715154445592632 0.06490023306318175 0.12486803883574418