6 0.7524830396693927 0.08097316610332195 0.06267124885788423 0.13015032891915485
6 0.8979290258228076 0.8242433145762446 0.08476050530872652 0.14590119542948798
2 0.8023970244834768 0.30908681769804025 0.0830082727325741 0.2095821407546888
5 0.7385166263673404 0.42726686393531604 0.07485247974887234 0.1770882621743214
4 0.7076420739180208 0.3577231474875552 0.04772358608916086 0.1120375717584199
4 0.7861152072792519 0.8236917018027096 0.06228655257107691 0.11692917507300092
3 0.8569309778299131 0.5720352607718056 0.08083998457056925 0.13506290998545806
3 0.6270083105950454 0.3545858813785816 0.06316086231382091 0.14697725199607786
1 0.6682435071156478 0.07785687774607061 0.05708130214978597 0.14453844292269474
1 0.5294427070260176 0.34794074221354243 0.06920545008814608 0.14821413799253796
4 0.5134402369205393 0.08717238260858652 0.048785619607245076 0.10723687203463499
4 0.5906173693077115 0.17808499625248167 0.04885556438666464 0.10964071818848115
4 0.5261074681767994 0.2746304271051421 0.053733201473776374 0.11207253467795694
4 0.5508988473714198 0.4656243149933931 0.05132935531993036 0.11205854951014214
4 0.6249598239837593 0.5733848294659334 0.05394303581203493 0.11928407313949527
4 0.5686057158365491 0.7023402278920726 0.06125949144270274 0.12293179787370899
9 0.35378707584669955 0.34295204407940716 0.06673165915488036 0.145796306670877
9 0.1573767746709725 0.5749030215289882 0.08462061574988745 0.14109350312179567
8 0.15671591235715165 0.4282474283926507 0.08170143248652188 0.20596937894001227
7 0.14185307874943726 0.7024187490253528 0.07521506547276137 0.148249100912075
7 0.17401756450842193 0.15526404566905683 0.06429284061132443 0.14458039842613915
12 0.18298133554611265 0.09149918933696718 0.05545971039634578 0.1301083734157104
12 0.3629333670331994 0.8225473221073444 0.07641698854968454 0.14825609349598232
10 0.25253491899548963 0.7053812005366413 0.05991767880694054 0.11811711298210908
10 0.25982362841777656 0.4601049818374449 0.06083982276618563 0.10850872095063206
10 0.2592198490565838 0.35672561205424547 0.05719908114570661 0.10728582012198674
11 0.2687339295935037 0.22924484747741797 0.07962519966685494 0.17591430943302794
10 0.2669503377183062 0.16794677055434104 0.047373862192063444 0.10001834098918913
10 0.4124437260692911 0.08655783657988489 0.05118946576109123 0.10725085720244977
10 0.4208756850800064 0.25240224344354734 0.052461333617433874 0.10966169594020332
10 0.4450560587321049 0.587654870898197 0.05864581095059789 0.11570627424435574
10 0.4701842999970313 0.8315403667549706 0.06362836520683911 0.12174385996460083