6 0.25595275974075354 0.07660502871951749 0.05865128808606539 0.12478412025435845
6 0.12698823052483002 0.7837046185055306 0.07935671578326114 0.1407657742252475
2 0.21249198239459083 0.2934607773461627 0.07679992881981267 0.20079898913536207
5 0.27422181880895086 0.40755346778029194 0.07024484265619038 0.16944409090863005
4 0.30183898664065784 0.34070732767022077 0.04393449612813864 0.1077054414332784
4 0.23277844093940722 0.7843489042190921 0.05844149163260121 0.11276488948512764
3 0.1624341595941131 0.543865473899922 0.07556212974437411 0.12988552759690053
3 0.37882500249977397 0.3384442557416222 0.05894500312091521 0.1416110433312815
1 0.33652356518529253 0.07560681880388118 0.057722100398645754 0.140388140609012
1 0.471477977649583 0.33405007304868073 0.06375269542860752 0.14169496191266726
4 0.4842342257747525 0.08539885364302872 0.04505250062367608 0.10291872877093247
4 0.4117892501260026 0.17190143918297485 0.045073480269022456 0.10412065184785554
4 0.4738967201565982 0.2643595142324887 0.049944111512754026 0.10781033966001043
4 0.45269994755544324 0.44553520416767706 0.047540265358907874 0.10776838036931753
4 0.38358800574795926 0.5477257286436624 0.05004900973948605 0.11381995504462594
4 0.43793846653800944 0.6713079258210979 0.057323487137063776 0.1175516021474737
9 0.6386501835686228 0.3309566283672171 0.06250881306099168 0.1392701361134746
9 0.8295224469317671 0.5543072539902595 0.07925181755652898 0.1347561588406321
8 0.8271483934842591 0.4148002584857969 0.07553506680685046 0.19717224025924646
7 0.8442304258287023 0.6759951997943401 0.0697623108132229 0.1417998601393993
7 0.8088644380628929 0.15358433753190728 0.060104966907145535 0.13922817682278177
12 0.7990961126379058 0.09329936687763571 0.05143974962452692 0.12465824238227995
12 0.6354856106446772 0.7877713161793719 0.07096423389014597 0.14182083978474552
10 0.7396001792003554 0.6777757398799712 0.05603764547875519 0.1127229301944346
10 0.7304700561967525 0.4431699637811606 0.057092711038253224 0.10433044830131973
10 0.7297655613159659 0.3457722352596985 0.053465962162137476 0.10306558628835738
11 0.7198862543720697 0.22296628496008053 0.07382963224161351 0.16830510676774618
10 0.7197123339171209 0.1640510745455033 0.04372469967467433 0.09568621066404763
10 0.5804090515739451 0.08587530219381888 0.04745634677752223 0.10296068806162532
10 0.574033969157449 0.24446620941162578 0.04867924949979168 0.10418359078389482
10 0.5552322296491486 0.5639469717743537 0.0548147427564856 0.1115000274721653
10 0.5331543119434443 0.7956034309403114 0.05970635364556355 0.11639163836124311