7 0.8407616921903848 0.12005970039909614 0.07312449701848295 0.14744578257356603
7 0.6672152225553957 0.4118210081158782 0.057359621667788636 0.14125435385349625
9 0.8047450391604708 0.7937380060471377 0.08078363660224361 0.1667604656514679
9 0.6695890837610045 0.3071977578588153 0.06700298135331195 0.14256816205992967
11 0.6711786380636753 0.11722398349902516 0.07158787803894248 0.18467742667580375
8 0.8735543408042203 0.3925885547544809 0.08782832958199822 0.21130154770356585
12 0.8272877577739316 0.0626889343050899 0.06683513093247867 0.1253778686101798
10 0.5975246245906518 0.054968183038131155 0.05196445288717955 0.10993636607626231
10 0.7861826567958873 0.6677178963056692 0.06169173778311979 0.12087760411055917
10 0.7697143849355238 0.4250553055379068 0.06635955474011777 0.11492393129069889
10 0.7672805538334404 0.3204879978455991 0.05797406827179494 0.11602795487930037
10 0.7461454699551283 0.13558764297608855 0.05691202054556645 0.12202358462272694
1 0.4047153908985578 0.13595379584293957 0.057723297579594185 0.15687935385349616
1 0.6688667566326393 0.534431147603221 0.06241908960673088 0.15212760411055917
3 0.5858271887396375 0.7890718542819616 0.07471807107735054 0.1642866912916779
3 0.411427397853793 0.32102197840671576 0.06479496069043805 0.15095365231601357
2 0.2264980894894233 0.2786906276624489 0.09023217573584424 0.21132951898594354
6 0.4317151901155449 0.05896247484454671 0.06054576484647438 0.11792494968909342
6 0.20718640986538497 0.4303986625373439 0.07770838876506424 0.13788634052293658
4 0.26745744870571647 0.79878766458161 0.06775730330801291 0.12335137847034917
4 0.31541342705064135 0.3281504450864355 0.0531943510342416 0.1171739353914682
4 0.5203797569845622 0.14663040505804517 0.04816285816543807 0.10750260821132838
4 0.49500150689658146 0.2443078440361569 0.0470728353690706 0.11229631487783191
4 0.40321378156250043 0.5363200512290234 0.059343841769551306 0.12325347898202757
4 0.47491255494294926 0.6725421004504923 0.056856070405288506 0.11961973846888085