9 0.2536057692307692 0.6470156025242141 0.0733173076923077 0.17075091221228517
2 0.8088942307692307 0.27794800637417016 0.08653846153846154 0.21665476523417262
6 0.5997596153846154 0.05873499204115924 0.06129807692307692 0.11746998408231848
1 0.5300480769230769 0.2058922071714616 0.06129807692307692 0.15611803883574413
4 0.4387019230769231 0.1534001217562507 0.052884615384615384 0.11270195054908844
4 0.7199519230769231 0.3263755001298049 0.04927884615384615 0.11985055007458757
4 0.6370192307692307 0.5309480956587075 0.057692307692307696 0.12961279220739724
4 0.5685096153846154 0.6667593200588379 0.05889423076923077 0.12482607954505144
9 0.4735576923076923 0.6479840197335124 0.07572115384615384 0.1659851791952856
7 0.46033653846153844 0.41744556506309216 0.06370192307692307 0.16577538274182155
8 0.16826923076923078 0.28792823426688646 0.08052884615384616 0.22135755931513293
12 0.4543269230769231 0.05758992460809801 0.05889423076923077 0.11517984921619602
11 0.3605769230769231 0.12110995254992155 0.0625 0.18859094155801362
10 0.28365384615384615 0.1428853421597844 0.055288461538461536 0.1163496790705505
10 0.2692307692307692 0.3282332517500953 0.06370192307692307 0.11890038274182156
10 0.3629807692307692 0.3157795317207672 0.057692307692307696 0.12360317682278185
10 0.3713942307692308 0.5548153665110346 0.05889423076923077 0.1344414641604358