9 0.7844051732741383 0.6409784163586796 0.07570467892869787 0.16507602398899807
2 0.23703853726340376 0.2967483321345174 0.09018483880440292 0.20842217318121017
6 0.432351832531337 0.06841011649961297 0.06281113841672337 0.13495802122684714
1 0.5041010183321682 0.22066276257002942 0.0644677025598732 0.15059001381075454
4 0.5915395132669564 0.16846261905318966 0.054830207381570246 0.10847375803109503
4 0.32487097722112623 0.3407160199393386 0.05143427248905957 0.11566431874091138
4 0.4111352952873722 0.5373629014329275 0.05889061767856637 0.12411973578281728
4 0.4798511319195816 0.6679949172865434 0.0599876235863601 0.12052095913595551
9 0.5718046782175926 0.6470237960179813 0.07796863552370517 0.16028231684912042
7 0.5773190445008092 0.4233961778712151 0.0659494047544744 0.1602123910100466
8 0.8571958725660017 0.2919382357613768 0.08435008536833631 0.2143968256462886
12 0.574073838439131 0.06482417789095114 0.06030237509374787 0.12964835578190229
11 0.666316412590947 0.13557016319010048 0.06537698469232686 0.18184001381075454
10 0.7413952015955338 0.15436739221861104 0.056137047627622394 0.11208651984577166
10 0.7610291645853642 0.33337001967326074 0.06458548155579372 0.11333739101004661
10 0.6693682592318224 0.3230841483579153 0.05991767880694054 0.11811711298210935
10 0.6677044689073436 0.5551042502914209 0.06143435339125165 0.12894141325832437