6 0.8629241182970725 0.751376487293701 0.08104981890882794 0.14272200411300637
2 0.8207591196169646 0.4997689806223026 0.10086225693787162 0.2042298656539155
5 0.5984326871304426 0.2917227190544719 0.06901772631280587 0.18343354667531428
3 0.43564487280951647 0.3955619313396477 0.0726363573703664 0.1426241046246849
4 0.7063923166245966 0.40952600829943625 0.054900152160989805 0.11117830564804156
4 0.676933134681123 0.22294821855258326 0.051259410540510794 0.10993442564755213
4 0.6288710959857894 0.5119543549551709 0.057583777432513944 0.12082166154580393
4 0.5146827680326346 0.30396487801740946 0.047793530868580555 0.11470016103167807
4 0.34889455437799843 0.05692646568817965 0.0535583395252276 0.10635662769916053
11 0.35440733012534825 0.2876817108162216 0.06654393537954015 0.1810017292390905
8 0.25939471100513256 0.36707772003377465 0.08414025103007775 0.20763983590804153
9 0.3544129657708107 0.49434255184104686 0.06340566904178911 0.1557333733413284
7 0.4443087767214087 0.610734133391256 0.06945025681611429 0.15700522462419547
9 0.4998564973504965 0.12476645442636054 0.062028884016317266 0.1497097723155241
12 0.657010575856419 0.7357637888042619 0.08019761972900241 0.15472724924104853
12 0.18649504943454404 0.05023071181999884 0.06169202194601116 0.09683914257209753
10 0.42931125718138635 0.3017699744160813 0.054830207381570246 0.10877445949419548
10 0.2657870001217573 0.0499518410615368 0.05561246178197621 0.09436536821230736
10 0.2727722293275814 0.2074317354208375 0.05599715806878354 0.10758652205846121
10 0.26072929745956575 0.6194116379816769 0.06599723897097548 0.12091956103412553