11 0.3482158570513792 0.14783653846153846 0.07557511093924801 0.1814903846153846
7 0.18596323425067124 0.14903846153846154 0.06450607022627389 0.13822115384615385
12 0.19883475890145516 0.0889423076923077 0.06444313697110729 0.12740384615384615
8 0.16764150092786378 0.30528846153846156 0.07932772443207249 0.20673076923076922
9 0.24140094411663637 0.7944711538461539 0.08751043070158993 0.16706730769230768
10 0.27619836861069813 0.16466346153846154 0.0607954122368937 0.1201923076923077
10 0.2627822237702866 0.33774038461538464 0.05714768750268004 0.11298076923076923
10 0.2633765934024155 0.43990384615384615 0.05958649657606316 0.11899038461538461
10 0.3626615144364772 0.5649038461538461 0.06316429547120282 0.1141826923076923
2 0.7745706992705732 0.2980769230769231 0.086504299974074 0.20072115384615385
1 0.6018985447051298 0.16105769230769232 0.06092127874722691 0.14182692307692307
3 0.24771743183802789 0.640625 0.07788106091839045 0.16466346153846154
3 0.35350683900383145 0.4375 0.06827266888691323 0.1658653846153846
6 0.5737718256462886 0.078125 0.05844051417039937 0.12860576923076922
6 0.5164229559205928 0.34375 0.06569400813538219 0.13581730769230768
4 0.4193460886909701 0.18509615384615385 0.05115205728587951 0.11538461538461539
4 0.6894858938297012 0.34134615384615385 0.04995712679286376 0.11658653846153846
4 0.5519578071455291 0.6670673076923077 0.0608303751564306 0.12620192307692307
4 0.610117816604483 0.5408653846153846 0.058426529002584444 0.12620192307692307