12 0.4411829401915177 0.2530177154065206 0.06648685242691202 0.13811017232724435
8 0.3437387287090751 0.4196715134840774 0.08438505775804608 0.21650790771674772
10 0.4264708354146359 0.3453559958761334 0.05991767880694054 0.11877450486974303
10 0.3545488102200539 0.17213829857396282 0.05988270641723075 0.11757258179281994
10 0.26600044755068036 0.07438999937378908 0.057338970704545605 0.11272293019443483
10 0.23342670036824076 0.6979363205527089 0.06606718375039498 0.12368709540416763
2 0.6590381104217221 0.7835300742960329 0.09300835363476605 0.2238663036957111
6 0.8586051754074541 0.8266971366073458 0.0884711917086251 0.15050703671271065
5 0.6048450642551878 0.3316340603104798 0.0741401701278858 0.19470545516936105
4 0.6959556601095004 0.25866732329688374 0.04896048155579372 0.11377799575393305
4 0.5191238295068421 0.3433656593370381 0.05253127839685344 0.11263901161304911
4 0.629205503482366 0.5689583772433328 0.05995265119665032 0.1199764279466661