12 0.6523747254174399 0.7687400480813591 0.0717385864395346 0.14306472215236163
6 0.8519079413544854 0.7676612731077003 0.07531638533467398 0.1383199687807086
2 0.7308835161771974 0.6267303914884956 0.08415639449148699 0.21178413399044105
5 0.5980558289766584 0.3165171728312549 0.07074644087983345 0.17910143481470742
4 0.6805759588338142 0.2441561157638907 0.04869227046077421 0.10660841658308741
4 0.6246038267827265 0.5408362156635955 0.05595974959357182 0.1163496790705505
4 0.5151860699241327 0.32878207605246523 0.04988020836988237 0.1042255500745877
6 0.268785647926144 0.5386327291476729 0.06453404056190347 0.14414076735720618
8 0.35575684831171484 0.4048896765758462 0.0768609450230598 0.19723517919528574
12 0.17454536569747672 0.24938277722396235 0.06804890620187652 0.12857870629324544
10 0.43106543970733213 0.33265449738056047 0.05111709436634234 0.11025614510454947
10 0.3580410191839858 0.1776632761013454 0.0499151712894194 0.11023516545920302
10 0.2685393047790862 0.08306192370313398 0.04988720095378983 0.10542747315151071
10 0.2587235392958353 0.668629238263483 0.060732478981727095 0.11042398226732075