2 0.22776851773014442 0.3165660459424585 0.08757527722142747 0.19956345189506747
6 0.7319231112632836 0.08736898217430009 0.05981125187229544 0.12307290547529902
8 0.839421486011912 0.3271554538431852 0.0842002840894688 0.2126796885720921
12 0.5671933572654196 0.35407249060984003 0.05268363199214276 0.12767076344473283
7 0.5652030207263243 0.44651565036378776 0.0637736750739539 0.1436105149521206
10 0.6540072839621989 0.5788413547305823 0.059643414709524424 0.11345752085991433
10 0.7300376729509205 0.18582175731286316 0.05241089660263945 0.11204576344473277
10 0.7462379364362653 0.35687953052274735 0.05605862512410143 0.11455452676770819
4 0.6603227809660189 0.458893853766243 0.05597470654271593 0.10974683446001589
4 0.4145910857868817 0.3520348432705474 0.04758222464960063 0.11070395080897064
4 0.4683325131073369 0.6779529696281684 0.054919640983217624 0.11812532360876779