5 0.6300141352377934 0.26907397273554295 0.08133488573800153 0.18616743610036485
2 0.8368856786938099 0.34001677101825184 0.09750535651700815 0.2178720771665916
6 0.8988246878070852 0.7194176564762185 0.08460498064322818 0.16704158403872482
6 0.6137989753992794 0.0383767093005296 0.05932872002932809 0.0767534186010592
3 0.6209414916326014 0.09376806545332247 0.06974133116787638 0.14138153074682322
3 0.4671129639084306 0.3748267285873178 0.07475881992903301 0.15354065107489298
4 0.7029030369621811 0.104611096799213 0.051167014235023615 0.10960694490117687
4 0.7164747614870465 0.1932036805944231 0.05127191246175564 0.11561656028579229
4 0.7425421653319331 0.37763535903609163 0.0563103808682585 0.12897760369078512
4 0.6651034103361874 0.4881166136800124 0.062173138735449114 0.12073900410087236
4 0.544740535712294 0.27516278163570473 0.05726054820102451 0.11458949915741798
4 0.5453313193053568 0.04175978236624889 0.05700879245686758 0.08351956473249778
11 0.37874927322483093 0.27277743295411244 0.08251582916957823 0.18500048541315153
7 0.2697668031942354 0.3673410466535637 0.0737457136602276 0.1643229863774909
12 0.3804039354383835 0.160893669631137 0.06748434253145529 0.14972504750586518
12 0.1741611575882103 0.6082245242302425 0.0846049806432281 0.16704158403872482
8 0.17218025786465566 0.35695265637390006 0.08917581355993245 0.2224349627463157
12 0.2062841133863171 0.04048571033060741 0.07120109328113394 0.08097142066121482
12 0.2693107105342427 0.754570111761053 0.08439518418976401 0.15502235326949404
10 0.2903977491255861 0.03824657411651699 0.05555511363578757 0.07649314823303398
10 0.278980221024675 0.6196050032485709 0.06347996003910407 0.12678359187519753
10 0.29919765734127474 0.19331986905447726 0.06221509802614173 0.12314285025471851
10 0.4582020741738325 0.2776807936948071 0.0573025074917174 0.11699334531126407
10 0.47836140733747246 0.7436772236438635 0.06358485826583624 0.13279320725981292