5 0.6402649925057478 0.26220609649656945 0.07907789710158014 0.193188787702587
2 0.8698769892575625 0.4739700124246799 0.09524836788058703 0.22462060103804132
6 0.9082512556143522 0.7447943026856587 0.09053067744645805 0.16087672103755188
4 0.7494180294679288 0.38845081856237296 0.05620548264152648 0.12202358462272701
4 0.7232037681056174 0.19467547599517035 0.05958047577348516 0.10884438770013952
4 0.7084301205038289 0.1055793262497858 0.053570860388869775 0.10877445949419548
4 0.5522701223773919 0.040073255459507046 0.05045370629324544 0.06788110359643326
4 0.5515534609122507 0.27439231289475186 0.057449365009142314 0.12444141641776191
4 0.6731602179037599 0.4945129057312546 0.06594674512898936 0.12934700821377582
3 0.47156400224523387 0.37320090467852857 0.07231301448449397 0.1498496287274121
12 0.21208393231746836 0.03371147284922944 0.06839863386570595 0.063283195906573
12 0.27747241632854724 0.7506729949076907 0.07471686063834013 0.14987760000978986
8 0.2836024500476127 0.34457683696076746 0.08550710539312402 0.2172971774469925
9 0.5400140322171733 0.09520787494489175 0.06160060501891843 0.15573337334132833
9 0.1774522321387833 0.5968959272021668 0.08566004620272628 0.15721500924202741
7 0.4767310782926295 0.6003783518581789 0.06872822489907111 0.15100959488076882
11 0.3854782798434018 0.26044306364146613 0.0718873382853882 0.1943067969323772
10 0.463813076296866 0.27337136108796917 0.05605862512410143 0.11361012308426541
10 0.2973994911336604 0.033502530296711436 0.05994321303655152 0.06078145026440523
10 0.30113995129749976 0.17894920824559254 0.056100584414794326 0.11601396923811155
10 0.28106937249832487 0.6125217692674808 0.06586282654760385 0.1245393159060835
10 0.4853002104095075 0.7470828954487383 0.07071247814598891 0.12699910462468503