2 0.7767019988018653 0.2936086619600956 0.08781596504026641 0.20961011109031846
1 0.6043759708263031 0.15516454678405442 0.06181904967805871 0.14216256710447822
6 0.5732216392593054 0.0760054457209089 0.05782858416048215 0.12892043550660215
6 0.5083969866210056 0.16173356888126167 0.06260130407846481 0.1277464827653087
4 0.6950283125237242 0.3373603810189368 0.05132935531993036 0.11205854951014214
4 0.7644235089420083 0.7805413449599045 0.06599723897097548 0.1205559220554924
4 0.6237707627336275 0.5325194448505488 0.05885564528885659 0.12291781270589407
4 0.5613370944223826 0.6591059600423788 0.06620707330923391 0.12776746051703086
4 0.42341017205656467 0.1742492731079177 0.05111952098167167 0.10484701104860362
3 0.4483800262903982 0.24743372170598482 0.07009262165768125 0.13740382288413772
3 0.26503451448453 0.6391915202989834 0.08490039486756551 0.1507088877371803
8 0.1765191016500684 0.4064939390816095 0.08650912479421426 0.20599734927564184
7 0.1895376473392927 0.15156737284749144 0.07627709899084542 0.14344840118829005
7 0.3681144843367742 0.4222090413172563 0.07167924102141167 0.1506319693141989
12 0.19994814818187476 0.09620898546995592 0.06882075380133869 0.1349929841463841
11 0.34928849940093265 0.14703158995703824 0.07619429238463454 0.1819029470659211
9 0.25851881072652216 0.7870909920156883 0.0829162173902364 0.16511797949244256
10 0.27875973414927846 0.1606653062537286 0.05620699240704209 0.11449036599961787
10 0.2682407030469026 0.33623697907529393 0.06073490559705635 0.10490295171986283
10 0.27231036208002557 0.4347876787990789 0.06946311864290572 0.11576920749952234
10 0.3723111711019448 0.5664398105480255 0.06620707330923405 0.12776746051703086