2 0.23770704816367547 0.2927057096102562 0.08785630465213692 0.213468741378045
1 0.40625301481714754 0.1456764284265488 0.053809802577297075 0.14420379909967954
6 0.43087694295042744 0.06693597688349323 0.06554928264513894 0.13246431903183767
6 0.48975023322286365 0.4263379470145829 0.0745781957266561 0.1591024522151175
4 0.3264265602339212 0.33273083718242497 0.06040588949578007 0.11792934182820516
4 0.2741654359047549 0.7740893869834934 0.06417950914738259 0.12522480550016013
4 0.47111096022120785 0.6588686022635145 0.06663930544150641 0.12768460179428423
4 0.40550572743579105 0.5269098443722753 0.05945574205010692 0.12871867445037402
4 0.5895048239122331 0.16546267930389907 0.05297055047313051 0.10814610679198726
4 0.5136717697855236 0.16241741641495683 0.05900814092788473 0.10948790521960472
3 0.4104213002678421 0.3247629668880873 0.07088850128547022 0.15541275777393165
3 0.5758201531423084 0.7658657213017089 0.07597594429455143 0.167543888823718
11 0.6584050853397437 0.12898435600507424 0.07035797989188043 0.18423093654994666
9 0.7852624942984515 0.7742192129436959 0.09154499415427363 0.16550371858167742
12 0.8073026665884615 0.06779516454540531 0.06669525558178435 0.1300884479481304
7 0.655419792347276 0.41406392579695456 0.07214637450267111 0.15784457899791676
7 0.8171708317741455 0.13009933905443308 0.06747855754567339 0.16374229410197655
8 0.8532615238472226 0.38901534691634543 0.098561712063889 0.20891282470160263
10 0.5908446124617522 0.06802298486271317 0.06029398921522445 0.11312164952051287
10 0.7321979692244126 0.14771056903429428 0.05917599134871829 0.11669944368114321
10 0.7517954291841349 0.31801997004556565 0.05193647781704058 0.11532967018338688
10 0.7529993621391563 0.42141332973108914 0.06166376271298081 0.12036116305219015
10 0.658469074992415 0.5450735411815699 0.06901517652521359 0.12653862885763884