2 0.2105577825246172 0.2933548287469917 0.08786793951671189 0.21854105744748195
1 0.3889607086985324 0.14757417954020735 0.05338894053272643 0.14723599795573394
6 0.41750002050384655 0.07097277236447291 0.06644226668461456 0.13296676308573385
6 0.46609104404349916 0.44057852519216484 0.07520536925279614 0.16311273949713231
4 0.30019853021105103 0.3376729826053827 0.060292794888111206 0.12087760411055903
4 0.23122402040594897 0.7900567436223761 0.06518440104293624 0.12814508513685288
4 0.4380675168315427 0.6794675190348923 0.06761621847916001 0.1305769025730765
4 0.3747720194144089 0.5404911405645431 0.059230728223076096 0.13288284923860105
4 0.5773689333104906 0.17501030982223414 0.054157308732796464 0.10999036821230736
4 0.49929987587524577 0.16929355083726957 0.05899297232286653 0.11245015693090875
3 0.3880088430323797 0.33268431902754997 0.07035572002153746 0.15945102770160796
3 0.5425220973290259 0.7936790246902763 0.07650519181804082 0.17154018667678272
11 0.6499038871615392 0.13979175598587007 0.07069137541006863 0.18829718154776182
9 0.75751248604518 0.809403608309226 0.09211620617685193 0.17052007693531396
12 0.8056372605028675 0.08270167292999497 0.06764418976153763 0.13298074872692267
7 0.6368760060960865 0.4329491016255904 0.0727875374577611 0.16188284513783174
7 0.8133094830583225 0.14650149549523966 0.06804977335601291 0.1678365179576919
8 0.8414406850732193 0.4148939683199947 0.09864329028545335 0.21506115898741193
10 0.5833374338368535 0.07530663700237397 0.060222866682167094 0.11486798872594368
10 0.7253872851074834 0.16110554368845698 0.05907688616999925 0.11966169539244721
10 0.7401583189296524 0.33798403497279256 0.051851362067272186 0.11837585846839128
10 0.7377256594281147 0.4437392801008345 0.06272461232433485 0.1233094215467828
10 0.6352956286417517 0.5687664093178981 0.06880415591489435 0.1293889651373423