2 0.7900245620134283 0.27884615384615385 0.09158559387699174 0.22716346153846154
1 0.6079204933163644 0.125 0.055876700533705304 0.15384615384615385
6 0.5786695979410493 0.056490384615384616 0.06982426565636296 0.11298076923076923
6 0.5202475107109816 0.42908653846153844 0.07889505233069823 0.16947115384615385
4 0.6957431076482539 0.3245192307692308 0.06276656924790121 0.12620192307692307
4 0.756366505533012 0.7956730769230769 0.06764418976153763 0.13221153846153846
4 0.543794790677207 0.6778846153846154 0.0700760071977614 0.1346153846153846
4 0.612766774286367 0.5348557692307693 0.06169051694167749 0.13701923076923078
4 0.4104974245948262 0.15144230769230768 0.05661709745139786 0.1141826923076923
4 0.49228413639035057 0.1466346153846154 0.06143877540027905 0.11538461538461539
3 0.6044808676492328 0.3173076923076923 0.07403141745825081 0.16466346153846154
3 0.4318472747637812 0.7956730769230769 0.07899295181901983 0.1778846153846154
11 0.3364257343436371 0.11298076923076923 0.07319312105223652 0.19591346153846154
9 0.20813574040301205 0.8088942307692307 0.09579190361356528 0.17548076923076922
12 0.1759694246070633 0.06129807692307692 0.07112408822160764 0.12139423076923077
7 0.34247478045587676 0.41947115384615385 0.07526131181755137 0.16706730769230768
7 0.1668846522915392 0.11899038461538461 0.07053753335699192 0.17427884615384615
8 0.1299861373818906 0.39783653846153844 0.10354888208146712 0.22235576923076922
10 0.40802449230035004 0.054086538461538464 0.0637447220658036 0.10697115384615384
10 0.2568330840841267 0.13581730769230768 0.061536674888600644 0.12379807692307693
10 0.23908226662342857 0.31850961538461536 0.054311150785873376 0.12259615384615384
10 0.23779558763405861 0.42908653846153844 0.06518440104293624 0.12740384615384615
10 0.3408244747955979 0.5612980769230769 0.07247985335160756 0.1346153846153846