12 0.8074256555949817 0.08884062435429439 0.06478678134275931 0.1313732297478001
8 0.8370933691330088 0.31740180131908613 0.09385762799554644 0.21326482840843944
7 0.8195768475284683 0.15021561970035271 0.06396249188207183 0.1530008525485081
11 0.6501476529730075 0.1468258192155634 0.07669503059308078 0.19393616300296668
9 0.7561035945360906 0.8253957078231038 0.09303942182703596 0.16638982840843944
10 0.7278950193567718 0.16891495255415967 0.05614254370548721 0.11810312781429443
10 0.7391711494778865 0.34928732509951 0.05610058441479446 0.11569928166044828
10 0.7373039610420555 0.45625847894566385 0.062173138735449114 0.11934001381075454
10 0.6316517950839116 0.5866667321142429 0.06455600524394875 0.11815207590164625
2 0.20020001623585665 0.30648419338662664 0.09512249000850864 0.21687759022311612
1 0.3842708972288503 0.15970353509510532 0.05928067744645792 0.160184420674417
6 0.4145856262492533 0.07573674172426749 0.0601679058431848 0.1421625671044782
6 0.4734412512511544 0.35375157944059044 0.06617752122780005 0.1421975300240151
3 0.746769758371201 0.6714796281378761 0.08116704857523024 0.1747333641078272
3 0.6423730176104788 0.45450414174005627 0.07129990821568856 0.16025434651349096
4 0.5701284015996525 0.18602777021613665 0.05607960476944795 0.1144973585835252
4 0.2895470204819236 0.35268171410275845 0.05135583104314128 0.11927708055558793
4 0.45288330482593264 0.8428643459092088 0.06347996003910421 0.1253566217792774
4 0.43262726274200314 0.6948949483534297 0.06101317494921879 0.12173686738069324
4 0.36766929071310944 0.5598879790392307 0.059874190808334844 0.12533564402755515