11 0.8338680958409849 0.25240384615384615 0.07196934170847878 0.1814903846153846
8 0.852553443526977 0.34615384615384615 0.07570797003348854 0.20432692307692307
9 0.6456556536375795 0.16826923076923078 0.062151172159779285 0.1466346153846154
9 0.8558996857980231 0.5973557692307693 0.07179452711079375 0.15144230769230768
12 0.7600806823165827 0.7463942307692307 0.06693089413184229 0.14182692307692307
12 0.8134851529757938 0.037259615384615384 0.06052969404841235 0.07451923076923077
7 0.8638104826503012 0.47716346153846156 0.06576393397445639 0.14783653846153846
7 0.6476267609443165 0.036057692307692304 0.055708016572905396 0.07211538461538461
10 0.5681102367467443 0.27524038461538464 0.043849615233544734 0.09975961538461539
10 0.5774886748644268 0.109375 0.04025083858668296 0.10096153846153846
10 0.7305524606681015 0.037259615384615384 0.048510463279181584 0.07451923076923077
10 0.7344371319000171 0.19591346153846154 0.04628143172302073 0.1045673076923077
10 0.7404879014329275 0.3954326923076923 0.05709174683142083 0.10336538461538461
10 0.7506758765735693 0.5036057692307693 0.05112408695024966 0.11057692307692307
10 0.7500395514379962 0.6129807692307693 0.05356289602363299 0.11658653846153846
10 0.5545867990822735 0.7403846153846154 0.05716167267049489 0.11538461538461539
3 0.40568360070350074 0.09735576923076923 0.047693132317165605 0.140625
3 0.5639100978838462 0.37740384615384615 0.06336708040451743 0.14903846153846154
5 0.1943681004949265 0.265625 0.06822372079956149 0.15745192307692307
2 0.1914747734675625 0.34975961538461536 0.08047370683773636 0.1971153846153846
6 0.4083951205492724 0.04447115384615385 0.053402066593762884 0.0889423076923077
6 0.1351016600683048 0.7427884615384616 0.07652530099550467 0.13822115384615385
1 0.23331212724607547 0.18269230769230768 0.045296278747226845 0.14182692307692307
1 0.2752869286372881 0.6117788461538461 0.062158164743686885 0.14783653846153846
4 0.279536015587538 0.5012019230769231 0.057084754247513504 0.10216346153846154
4 0.2910036335832337 0.3894230769230769 0.053534925688003415 0.11177884615384616
4 0.37380965802544347 0.6177884615384616 0.055924786674034783 0.109375
4 0.34660515868722935 0.7487980769230769 0.055938771841849574 0.11177884615384616
4 0.316125945627342 0.203125 0.048664300125144506 0.10096153846153846
4 0.3274537119448898 0.11538461538461539 0.04268265507615869 0.10576923076923077
4 0.48053148291637926 0.040865384615384616 0.04254280339801069 0.08173076923076923
4 0.4827457279495762 0.2800480769230769 0.045107478981727095 0.109375