2 0.23361029595198846 0.29915217828836355 0.08289346278581369 0.20478843361481136
1 0.40296773851041867 0.1539214695588364 0.056729973775186855 0.15175697396814058
1 0.6489058766196567 0.5395491761304949 0.06993014797599419 0.1506319693141989
3 0.40853951111157344 0.3353978690064062 0.06151668643753265 0.15058302122684708
3 0.5689881699496707 0.7816251954655513 0.08458400099788167 0.16393703416724145
6 0.42815126748194143 0.081652248097489 0.05633136051360502 0.12892043550660215
6 0.4848210320899031 0.43592586726568594 0.06853940809095345 0.1398076690379839
4 0.26975128308651747 0.7857701950123397 0.07197734015895133 0.13021326217432153
4 0.32088304507757454 0.3407160199393386 0.056037645478755053 0.11209351242967905
4 0.5114764897590381 0.17252290623793978 0.0487841477265237 0.10964771077238854
4 0.5824948495242318 0.17811995917201864 0.058420511987254835 0.11090557452057076
4 0.39768297389738716 0.539808703090218 0.058525410213986856 0.11691518990518628
4 0.46599160588953004 0.6656260340522343 0.06588380619295023 0.12537060694709204
8 0.8460753871100889 0.4037730225864822 0.08660413024331494 0.2108190267511489
9 0.7794296066379414 0.7864111086663719 0.07855340596791976 0.1627001481707815
11 0.657628573300686 0.1440255802320064 0.06562596715661602 0.17945015282472318
12 0.8019703240503647 0.08067947757921123 0.062299016607527374 0.126551552272293
7 0.6516575636834003 0.42173274425640384 0.06630339909987872 0.14940906848555358
7 0.816324378745225 0.145506405310076 0.06027280406991682 0.1481721824890936
10 0.5892089597896337 0.08071524185389764 0.05473082417509982 0.10607690446115631
10 0.7301215915323062 0.1652406405821779 0.053570860388869775 0.10847375803109503
10 0.7486837418808042 0.3334189677606125 0.054793763111139086 0.10968267369192557
10 0.7480631655814035 0.4355964144668888 0.062068240508716815 0.11333039842613915
10 0.7628875855348765 0.66510078890403 0.06942663648768033 0.12178581546804505