11 0.6622054895095678 0.1269372676027314 0.07547212787081091 0.19314683077902053
8 0.8575132711017974 0.2965745650125228 0.08797389048300931 0.22093091796013936
9 0.5574006986717231 0.6655255189002831 0.07397648975903828 0.17630592206090867
6 0.7414545772972827 0.05718629841356864 0.06944761613302684 0.11437259682713728
12 0.5759397633606096 0.14356923376832526 0.06501755744156987 0.14495802257258703
7 0.5654128171797885 0.4358183547960874 0.06537421141245894 0.16539071488027937
10 0.7383672159079963 0.15129655682322138 0.05375967719698757 0.11959176718650316
10 0.7559791989237284 0.3338210368212634 0.06223607767148838 0.12329543590559407
10 0.6596365359617645 0.32412258042406 0.05991615009902773 0.12807515693090876
10 0.6579697071638572 0.572990585553081 0.06476580169741307 0.13053494564951015
3 0.7821393344109921 0.6617082809210537 0.07876320242138381 0.17515994154874084
1 0.4895840353380884 0.22391710865203102 0.06166354395495756 0.15933914257209755
2 0.20716798825968075 0.2981311815110502 0.09647127060285662 0.22583650975615327
4 0.3017571740735374 0.3451172245752466 0.05970635364556355 0.11605592616167798
4 0.3870544830131972 0.548493124051331 0.05759622252656722 0.13285487795622344
4 0.4615825268434196 0.6858751394261566 0.0671276885605662 0.12815907077804148