5 0.21581391611404216 0.2993425807641622 0.0754842073484517 0.16629892481764325
2 0.21057268360409115 0.3738338411977633 0.07563804419441447 0.1927412325099511
6 0.15675026062073497 0.7413216216282067 0.07649733065987509 0.13385399432462763
6 0.2616346386543239 0.06763015252258206 0.04511447156563449 0.11083564868149681
1 0.24636545907845178 0.21297893382338556 0.04887407764236643 0.13729893412552668
1 0.2884591343960902 0.6218915055818054 0.06209523148852028 0.13737585254850815
4 0.342198447727707 0.06208904025976235 0.04383563006573009 0.09760750225143557
4 0.3243785777359334 0.23266422100813572 0.04144576907969858 0.09999736323746689
4 0.33569235888566634 0.14739061580176382 0.04142479132797647 0.0963915940066977
4 0.28789353645474036 0.512509512997898 0.053444022097207236 0.09646151984577173
4 0.3017370302686526 0.4056152775747256 0.04387758556917444 0.10481904071297411
4 0.3538306823165826 0.7484780207736355 0.04869227046077421 0.10604893412552649
4 0.38098623356744493 0.6260357037734443 0.05232601002717301 0.11087760418494132
4 0.4850237075930892 0.3045146887901886 0.045058530894375275 0.1012202640661122
3 0.41269934681563203 0.1334150642487604 0.05243089878578398 0.12890645033878737
3 0.557816571492342 0.3950854671777707 0.057322502100365005 0.14335749759749397
11 0.8168943285020064 0.282406180410169 0.06228403125402009 0.1698277756254311
8 0.8320158624606737 0.3690355455394267 0.06600168182730762 0.18907952260792257
7 0.8113182533196497 0.20785198672140123 0.04886009247455165 0.13489508797168054
7 0.8444818172448285 0.49892015627010033 0.05606463835218278 0.13373512039820176
9 0.6406521689804803 0.20565711672962758 0.05011096363882654 0.14331554209404948
9 0.8378079063890104 0.6130678856582558 0.06813281720876538 0.14221850777573736
12 0.7480544589634446 0.751973511372185 0.06089330841159706 0.13736885996460083
12 0.7977692493849975 0.057527691099127816 0.04508650123000498 0.1060279563738045
10 0.7208251947101983 0.060685934959823565 0.03779804434548485 0.09276484702420626
10 0.7203566915884028 0.14121478111366972 0.040180912747609036 0.08917306296125187
10 0.723452002193932 0.22897614348077655 0.03899996742240793 0.09277183960811364
10 0.7277632210441991 0.31434065227794455 0.04505153831046781 0.10001834098918913
10 0.7283777670729006 0.41530918332339045 0.04744839188040664 0.09883040308008084
10 0.738593712549172 0.5187375011939417 0.04746936963212889 0.10243617231085007
10 0.7391872808261515 0.6233118014701569 0.04988720095378969 0.10485400363251102
10 0.5521759603445199 0.744824104810664 0.05234698777889513 0.11448337341571055