5 0.19395118687254248 0.2896976231028491 0.07469009600721171 0.16267217783515192
2 0.1838312460556087 0.3630638788825086 0.0812592127946049 0.18674560229315035
1 0.16048914645347181 0.48818275280893436 0.06445925984877149 0.13617392947158508
1 0.22363759776191222 0.20179640905759433 0.055821997749198854 0.12650959676884857
3 0.2374752080901708 0.12360148321852035 0.06040588949578007 0.11692218248909357
3 0.14089269143279864 0.6072710335990226 0.07854663593018173 0.12183476355539688
6 0.1234762820048605 0.7359607138366806 0.0763386152673078 0.1302342399260435
6 0.24152958338221148 0.05267403651224401 0.0529146003328527 0.10486099621641842
4 0.32443430061976497 0.05339347129955662 0.04307541515635686 0.09518967092977461
4 0.3165503555358439 0.13395728037293975 0.041845517009294945 0.09398075526894414
4 0.3026008449270297 0.21695989851970604 0.04430531330341891 0.09639858659060511
4 0.2922850786191237 0.29873961583782704 0.04433328837355774 0.09760050966752819
4 0.2780278422387817 0.39496338783074714 0.0503708788283121 0.0988373956639883
4 0.2634349050167731 0.5056102367467443 0.055318446486698786 0.10487498138423326
4 0.24526417363413408 0.6150761403375404 0.05185255260662401 0.1108636190171264
4 0.22675774140982846 0.7389651208514135 0.055402371697115496 0.1084807506150025
11 0.8013699418409186 0.2669355989988438 0.06406861380587614 0.17102270611844686
8 0.8125768906370724 0.35339714211432394 0.07183965367019268 0.19510312316035275
7 0.797178706015331 0.18884556191838076 0.05244002907954071 0.13610400363251102
7 0.8228326870485039 0.48072406984518873 0.058337744183600486 0.1313312742443556
9 0.7833720855743589 0.11081146550917692 0.055849972819337686 0.1277115198457717
9 0.8141094898604162 0.5973455712262641 0.0657730832062499 0.14098861436318472
12 0.8383127870025635 0.7450212802579325 0.07167079831030995 0.1362158849750293
12 0.7837647414953526 0.0446600990473316 0.04905705547083327 0.0893201980946632
10 0.7061133078096152 0.12568206780232732 0.04553521145048096 0.09760750225143558
10 0.7055837913550747 0.04728595974023765 0.04556318652061993 0.0945719194804753
10 0.7053290009066772 0.2110116136799584 0.04433328837355788 0.09760050966752819
10 0.7092964361711537 0.2987170353758061 0.04684903480795937 0.10242218714303529
10 0.708120478286271 0.4008735043303602 0.04799500774460478 0.10002533357309645
10 0.7152740567294333 0.5065867944283318 0.04914098068125018 0.09762848000315777
10 0.7153000219214738 0.6087362707989785 0.0529146003328527 0.10486099621641848
10 0.7255837934030442 0.7348612754529202 0.06510168152291676 0.11214246051703086