7 0.5552900642487604 0.4263300707254278 0.06579889689399315 0.15535680763365398
12 0.559524364676046 0.32788427869829107 0.06933474028568845 0.14342150207483984
11 0.6509046800865874 0.12931720525283172 0.072011297211923 0.1903524522151176
9 0.5421885856841817 0.6531578314222226 0.08022197381706994 0.15569250847532054
10 0.6450225339226041 0.5642175336080133 0.058475477089936265 0.1359581879820513
10 0.7255707551178735 0.15629204421682752 0.05232601002717274 0.11177985109289533
10 0.7458154490152155 0.3310184914928959 0.06439418888375534 0.12047306333274577
8 0.8453792720504238 0.29968657616057764 0.0854212508235768 0.22311210106356846
6 0.7298679888003258 0.06866355988199847 0.06069751606219006 0.10476413812232911
3 0.7717069452891376 0.6500876082802892 0.08753140845331203 0.1726872819730769
2 0.2095339940224865 0.2800800717494126 0.09016600987610236 0.21240669365181625
4 0.39972453611653597 0.33377897898520337 0.057175657838309545 0.1191032898349894
4 0.5691615283983023 0.5384166426508017 0.05960747432778541 0.12396693228295938
4 0.4509543131805463 0.6702624953224363 0.06199733531381678 0.12161903626939118