7 0.4560404369287397 0.4273127054226337 0.06596890869722244 0.15012940309647504
12 0.4502246371569982 0.3324237212817499 0.07052482537366454 0.13939601398555312
11 0.35554844502526717 0.1392856562211926 0.07276182604572658 0.18388814747705334
9 0.47558295168723347 0.6470128727553999 0.08039198562029923 0.1503811588406321
10 0.37378115618247915 0.5610137987037677 0.05951169219038473 0.13079373563897378
10 0.28399256181266036 0.16458289648043906 0.05179660246634627 0.10903324238227995
10 0.26870627747147463 0.33438972465213557 0.06398368365641033 0.11645457729728265
8 0.17176912935373956 0.30241425012600265 0.08673830678563049 0.21657084665278697
6 0.2768069885431625 0.0645563171212232 0.06076956540758561 0.1291126342424464
3 0.25426125511255393 0.6436615890376018 0.0879951750637822 0.16733395978963372
2 0.7882717426048613 0.28804592283252234 0.09006432531501082 0.20461455481959548
4 0.6042666164941243 0.3381517882158703 0.056744170124733026 0.11512677634828104
4 0.446538962472009 0.5356955787991748 0.059231941488995826 0.11877450486974303
4 0.5649728605017633 0.6646911482305343 0.06160781257270314 0.1176145410835127