2 0.7204965969306899 0.2704326923076923 0.09905294140909149 0.22355769230769232
11 0.776258197007632 0.0889423076923077 0.0917143752155052 0.1778846153846154
7 0.44858581551906085 0.40384615384615385 0.07082704184158614 0.1622596153846154
12 0.4443469301828516 0.3016826923076923 0.08002275778045363 0.14783653846153846
6 0.27405132336525295 0.040865384615384616 0.06728196865410943 0.08173076923076923
8 0.15339873896125603 0.26322115384615385 0.0968239572037939 0.22956730769230768
10 0.2768306170697795 0.11057692307692307 0.06723413443760834 0.12139423076923077
10 0.3509189078715683 0.5384615384615384 0.06970792537087392 0.12379807692307693
10 0.2521791274339983 0.296875 0.06263627646817452 0.12860576923076922
4 0.3438786182679141 0.40865384615384615 0.06486526067347197 0.12259615384615384
4 0.6101073976291069 0.30528846153846156 0.06490023306318175 0.12379807692307693
4 0.5495196077722185 0.6526442307692307 0.061399381001541596 0.12740384615384615