2 0.22880671875670014 0.2811303247184248 0.0913889107047477 0.2144667514853625
12 0.5847997122109676 0.3175220583433734 0.06935571803741056 0.14583126959041406
9 0.6706746796333758 0.40957366180902505 0.07062057436950024 0.15665556986662907
7 0.5769666351368201 0.4173306218153406 0.0634579839953136 0.16502707590164625
11 0.6749571267928638 0.11266369888948803 0.07321322028884608 0.18912147811136698
8 0.8670418577706689 0.2798211088174425 0.08545621374311342 0.22765294241197948
10 0.7520200553940887 0.1362546350578761 0.06194838722646496 0.11213546793312347
10 0.7699028586410288 0.3176471234985571 0.05960048174387795 0.12173686738069324
10 0.6703118666253405 0.5538114236237017 0.06083736774033792 0.12775347534921608
6 0.7539274280905095 0.05319767895014946 0.0703548561810189 0.10639535790029891
4 0.41778135260601174 0.3269074890449633 0.05721761334175404 0.1253286514436477
4 0.5908660696219917 0.5338402418538977 0.061976357562094526 0.11694316024081584
4 0.47023403049866724 0.6655561082131604 0.06443614438719983 0.1265725300240151