2 0.22598162646965886 0.28300639978445497 0.09771112877332921 0.2208761053305556
12 0.5866413561527929 0.3130474421341875 0.07401314239583826 0.14945909252959405
9 0.6704169989041837 0.4059851601611105 0.07556478936985875 0.16150629836896366
7 0.5740533184120792 0.4154347042337602 0.06859805763628876 0.1697519094865919
11 0.6852396564956573 0.1029606694258007 0.07891289004586846 0.19401417158616457
8 0.8749851156184106 0.2691017849863775 0.09208620967552096 0.233957383826015
10 0.7626302363117525 0.12638267448215748 0.06582237702242658 0.1156373959549146
10 0.7740714113733733 0.31108717734636687 0.0624963869093356 0.12516885535988245
10 0.6637465212057475 0.5526757256860036 0.0650750950117304 0.13123442088477566
6 0.7687889899913339 0.0479300131528843 0.07299894309425525 0.0958600263057686
4 0.4156885001120379 0.3266352867092945 0.061399381001541596 0.12874664952051285
4 0.5838471780666771 0.5329154400006939 0.06596226658126571 0.12044508826260679
4 0.45733411657303064 0.6703842817702453 0.06864589185278984 0.13011642301826937