2 0.24031721337461348 0.30133136714734415 0.08895797746412462 0.20893965847328622
12 0.5845007682514664 0.3345910891519617 0.06774208924985924 0.1413942102653842
9 0.6684823836483189 0.423770310679165 0.06906988309748166 0.15222550359888076
7 0.5772061580081093 0.43084283479412944 0.06195624412426481 0.16055505129020944
11 0.6711354451476216 0.13523884401168249 0.07183735592223647 0.1835034748812583
8 0.8581336461954526 0.2965465937301452 0.08429014156832028 0.22090294667776172
10 0.7459343887406283 0.15841019579643822 0.060152938476223244 0.10885837334132827
10 0.7636012923541936 0.3337091516917531 0.05786097745188757 0.11844578667433527
10 0.6689027949492972 0.5632073732434307 0.06033475181167757 0.12448337334132827
6 0.7471914123169926 0.0643558799515407 0.06649820924936979 0.1287117599030814
4 0.42354097543209573 0.34487862660972285 0.055499088221607644 0.12202358462272701
4 0.5917419621260106 0.5436697619718218 0.061410804117901424 0.11368005129020944
4 0.4754359785535622 0.6724442009621707 0.06392653540125792 0.12332340718797169