8 0.14514443681047093 0.3982429641213278 0.08308227959393143 0.2160672830876918
12 0.17663464972482207 0.06814767284433457 0.0636058379111826 0.13292480616216745
7 0.1669292632358744 0.1317237251505584 0.06522735389503397 0.1569772533418178
7 0.13189894979560746 0.6720716410419574 0.08074745566830195 0.15114945129265706
9 0.15012877934192614 0.5461074738652438 0.06746336288610884 0.1473898400088107
9 0.3408332055422993 0.31880584004552237 0.05892402347556883 0.14008040205895064
11 0.3315507654836431 0.13123591183957833 0.07053855769104021 0.18587934975272685
10 0.4049370954041675 0.06719917543943804 0.053675758615601796 0.11478407487881087
10 0.4102780919065117 0.2354963774910464 0.0548147427564856 0.11119229128923044
10 0.25856913211687804 0.14961355695783057 0.052473835538678716 0.11477008923762205
10 0.2484949250726865 0.3297481764432153 0.05485670204717842 0.11359613744307659
10 0.2515640365854406 0.43673331593055786 0.06211019979940971 0.11608389744405546
10 0.24007202671868438 0.6733303487489496 0.06820373376541074 0.12096151795769189
5 0.5216190952768974 0.41824546981342337 0.06952545142223493 0.19668267180384574
1 0.35561566620507945 0.5460951723546832 0.06640829732661074 0.15578931590608364
3 0.598212581166609 0.33141415187531104 0.06634535839057147 0.15218354667531428
3 0.6484741171283736 0.663662389830066 0.07150970466915287 0.17267218154776195
2 0.783755390857215 0.2903126954903448 0.08654119130727568 0.2076957784727967
1 0.652617167831707 0.0748879098320239 0.06004202797110626 0.13528669539244717
6 0.7379117470025527 0.07347704420258282 0.06113905282129705 0.12929106564902063
6 0.8243027272690402 0.5479438031875473 0.07475881992903274 0.152281446163636
4 0.7614636994201345 0.8031702226655896 0.06577890796621834 0.11973162359839105
4 0.6921304183293804 0.3421204165034223 0.0548147427564856 0.11119229128923044
4 0.5772465846642648 0.16293513648824817 0.05373869755164106 0.11838984410958009
4 0.5127142888344767 0.2523101569920947 0.05125093281640913 0.11355418051951016
4 0.6150841933030391 0.5407026093130032 0.05618450299617997 0.12082166154580393
4 0.5489872371332616 0.6781265816113952 0.057470344654488824 0.12564333949468512