2 0.22730079175440743 0.29941949918714356 0.0866660164397888 0.21803755779659478
6 0.4304974040909796 0.08784687608429444 0.05924471386426497 0.13374910556601666
1 0.4888873097120993 0.23483112066427972 0.07032774873915998 0.15664857728272175
4 0.31452370764580634 0.34440111165853743 0.055443145656852405 0.11690120473737135
4 0.38670733633650684 0.5455558057069501 0.06032076617048869 0.12293879045761631
4 0.4489967096533608 0.6673206434232729 0.06039069437643281 0.1289484058422317
4 0.5808208604881829 0.18488178781047276 0.059090871811188134 0.12052795171986283
3 0.6475254860941286 0.44370081921556337 0.07390554668755146 0.1542657088805977
3 0.7521610378617521 0.6450443130294757 0.07760921540664228 0.1627001481707815
9 0.7600701742521028 0.7917348690853502 0.07872722463643264 0.15549560229315063
12 0.8054554471674131 0.09363433149417191 0.0664142954022368 0.13018529183869182
11 0.6533418286980428 0.15044557361414743 0.06818962976790087 0.17947113057644534
8 0.8341880317534284 0.3101622925219181 0.08771409746363518 0.20482339653434833
7 0.5575211117367859 0.4311571446532778 0.06434610463692209 0.15901746051703086
10 0.6488261507246874 0.3319219730617172 0.05421325129755171 0.11449036599961787
10 0.7252334430544066 0.17009589787936055 0.057777063604754576 0.11090557452057076
10 0.7364546502105617 0.34204781630234193 0.06030678052930009 0.12173686738069324
10 0.6424791958209126 0.5674779183869181 0.06997810770943967 0.12660050035964482