3 0.5803925696856717 0.12860576923076922 0.05906547962711501 0.12980769230769232
3 0.4200893855700046 0.3918269230769231 0.059450175913922335 0.14302884615384615
1 0.6886850161405358 0.6201923076923077 0.06768877550383497 0.13701923076923078
1 0.7496796128471497 0.21754807692307693 0.05931028635508321 0.13822115384615385
2 0.7777250148206438 0.36899038461538464 0.0815965153173926 0.20192307692307693
6 0.8161973925541758 0.7403846153846154 0.08002275778045377 0.14783653846153846
6 0.5800171221349912 0.05889423076923077 0.056311909576171305 0.11778846153846154
5 0.5852866816902393 0.29086538461538464 0.0626583870310928 0.17067307692307693
4 0.6545970489475146 0.13942307692307693 0.04726894502293423 0.09615384615384616
4 0.6640283228782236 0.2283653846153846 0.04988262551503908 0.10336538461538461
4 0.6894986298399872 0.5096153846153846 0.05702421919715798 0.10096153846153846
4 0.6829957879087707 0.4026442307692308 0.04988262551503908 0.10336538461538461
4 0.5936281758944835 0.6237980769230769 0.05744388787367495 0.11538461538461539
4 0.6176352781338998 0.7487980769230769 0.05504004171982867 0.11538461538461539
4 0.5090686882068199 0.06009615384615385 0.046136966725430724 0.0985576923076923
4 0.49843346864439003 0.3016826923076923 0.046171939115140365 0.09975961538461539
7 0.34945772570401906 0.051682692307692304 0.05709416397657727 0.10336538461538461
8 0.1467853442154479 0.36658653846153844 0.08035961985075982 0.20072115384615385
7 0.1275931604650529 0.4891826923076923 0.06645188003720232 0.13581730769230768
11 0.16499830105396976 0.2776442307692308 0.07729129829242828 0.1778846153846154
12 0.21972879489294175 0.7512019230769231 0.07267132976007619 0.14302884615384615
12 0.19317275331430928 0.052884615384615384 0.060769877986766065 0.10576923076923077
9 0.1327192173707975 0.6021634615384616 0.0763820161599747 0.1466346153846154
9 0.34649793440548127 0.19471153846153846 0.0567665506423982 0.13341346153846154
10 0.41790462249054383 0.3016826923076923 0.05111952098167167 0.1045673076923077
10 0.4143173507320285 0.13581730769230768 0.05239138883801431 0.10697115384615384
10 0.2700958302373862 0.052884615384615384 0.048750647217535296 0.10576923076923077
10 0.26286579430359386 0.21875 0.04871567482782558 0.1045673076923077
10 0.24889172280128133 0.4098557692307692 0.05462037304331169 0.10096153846153846
10 0.23736571857865163 0.5168269230769231 0.05575235134081527 0.0985576923076923
10 0.23198921929947633 0.6189903846153846 0.05599715806878354 0.10697115384615384
10 0.4159919803285008 0.7391826923076923 0.05719908114570661 0.10697115384615384