8 0.8485844481299658 0.330350089915818 0.0769727080794139 0.20914951173778434
2 0.1949061825986762 0.3465707092919602 0.08397438614737208 0.2032657742252475
11 0.8297275980688306 0.23807474838224443 0.07364547619381494 0.1826652447547839
5 0.19706963394725777 0.27076563686442073 0.0805632101043409 0.17437766108840075
9 0.8670559413544355 0.583788021983816 0.08075780329207906 0.14555248688759342
3 0.5623321626345354 0.3642103789997651 0.06393088021515599 0.1452587718527436
3 0.39874848652625966 0.08804961975795242 0.05547544659797833 0.1439099912583956
7 0.8689103209461627 0.46469273914169923 0.06504885913464684 0.14287590534424383
9 0.6391636363225595 0.15360718844090065 0.05543347451926222 0.14270806818147255
12 0.7773505281170178 0.7356857985815672 0.06981457936362317 0.14175790084870626
7 0.8233516716428024 0.15881076424136062 0.0577953485943924 0.1415481043952423
1 0.2298954761938148 0.17758817058095136 0.054147607284907126 0.14028324238227993
1 0.28810676698595683 0.6047175187330958 0.06492294289849877 0.1392701361134746
1 0.15197277940857346 0.7357779064693957 0.0803800545836346 0.1347351791952856
1 0.23344017660121535 0.04026830310385258 0.05462073781781535 0.08053660620770516
10 0.5705358147288165 0.7368904514273046 0.058115858018278635 0.11632869942520412
4 0.3843445572972351 0.6054429932592288 0.059275809016485596 0.11514775599362728
4 0.3613592272654851 0.7393389866406578 0.05678801870520736 0.11270195054908837
10 0.7616606297548387 0.49302321491518425 0.06395758508802984 0.11162590534424383
12 0.8028579105117415 0.026882665618290592 0.05403312871579074 0.053765331236581185
10 0.7654381168392826 0.6011962918382612 0.06636143124187573 0.11166786463493672
10 0.7456540515075839 0.3790503190609561 0.0650755640075207 0.10924303883574418
10 0.7200511344401974 0.031196497879501347 0.05067919195731791 0.062392995759002694
10 0.7291132739040521 0.18090084853141974 0.053014361159573954 0.10783131930535686
4 0.28540528674228793 0.4929176929339032 0.05657815831162721 0.10669233516447299
4 0.481925403178027 0.2657934609173203 0.0517704660039349 0.10660841658308734
4 0.3086080852958394 0.19305141671035742 0.04812272469444956 0.10534355457012506
10 0.569799312157781 0.09588781781106913 0.0481227246944497 0.10534355457012506
10 0.7395566624267259 0.27332304758241815 0.05288844492342575 0.1042255500745877
4 0.31640340332059197 0.10632413836377815 0.04791286430086941 0.09933393918550969
4 0.32097070082301976 0.03315049060416943 0.044543660336554186 0.06630098120833885
4 0.28987337288144144 0.3797900661857091 0.05442614463007725 0.1138619143353187