6 0.14222951361641714 0.7316686257503123 0.08091529283107324 0.16121944617828632
2 0.17898226398935538 0.48470794455672844 0.09259276598258395 0.21068710914025013
5 0.39518429008689854 0.2826772396381052 0.06678593094284607 0.17779461351105233
4 0.3157673651364124 0.220380952799392 0.05122995317106275 0.11263901161304925
4 0.2898677984542972 0.39626033529174304 0.055995686188062305 0.11031908404058874
4 0.3650076055229289 0.49708109952803403 0.058420511987254835 0.11156296640820457
4 0.47617741820718007 0.048877503123450045 0.03777802322609848 0.09775500624690009
4 0.47674722215489646 0.2908660083699336 0.05230599837590743 0.10544845279685709
3 0.5508529433093763 0.38209236763618637 0.06615654158245367 0.14173692120336
9 0.4881188136872025 0.12124799700635483 0.055276294954106714 0.13794233516447305
7 0.5472024850191001 0.5912269830208017 0.061474727146839894 0.1488645410835127
8 0.7291991108916128 0.35254507243260924 0.08040569805058176 0.20086192807140135
11 0.6343879620399372 0.2773003671372455 0.06332701922950189 0.1861451361134746
9 0.6368939766517012 0.47791662275666724 0.0662824194545322 0.14894845966489847
12 0.7947709521731811 0.044974450708175996 0.055890787961330145 0.08994890141635199
10 0.7178688548954505 0.04441765172565519 0.049839213286022005 0.08883530345131038
10 0.7138556593421078 0.19901361326665157 0.05354988074352326 0.10787327859604968
10 0.5573180275994354 0.28705652597787756 0.04741438748682934 0.10055684190777914
10 0.5423650000050697 0.7306920192345715 0.06324918394029352 0.11284880806651315
10 0.7296220573219043 0.6036630769281466 0.06082435814110099 0.11160492569889759
12 0.7357487375176065 0.7345258347953371 0.08178154158245367 0.14200965659286333