1 0.7417631886853014 0.1607390203495839 0.05278853021887478 0.13309268356608792
1 0.5224075087390696 0.32873278596049704 0.05158660714195184 0.1330717039207414
5 0.7126199662809346 0.41856505181834586 0.0558217657331136 0.169192335164473
3 0.7742868637592554 0.3030904345601674 0.07665307130238776 0.1923855275969006
6 0.8646402672274013 0.7985074350591083 0.07697384927476136 0.14192573801147781
6 0.7260183941054004 0.08476611075927308 0.05498257991925689 0.12111541208754997
3 0.8255675892820025 0.5563124868825238 0.07572996690714554 0.13950091221228517
4 0.6861627622354578 0.34841294080453267 0.045094459914368966 0.10532257492477862
3 0.6080587418808043 0.34825118693393875 0.06252979270633806 0.14047205919039768
4 0.6528689235758639 0.09310173700852636 0.0450315209783297 0.10171680569400943
4 0.5762334783954594 0.17707459852254784 0.04627540334594553 0.10414163149320199
4 0.5140630694288247 0.26370306193457244 0.045115439559715344 0.10652449800170177
4 0.5317589710259424 0.4514548176787294 0.05354988074352326 0.10787327859604968
4 0.7564671903043243 0.7966192669779308 0.05487768169252487 0.11510579670293453
4 0.6056156662050796 0.5524732117841297 0.04998607080344692 0.11021418581385657
4 0.5500632823381062 0.6740623426536556 0.056037645478755053 0.1127229301944346
9 0.34935156530749284 0.3269136401075364 0.06002104832575975 0.13442048451508953
12 0.3537180613083616 0.7835814704022663 0.06733748501403024 0.14055597777178347
12 0.18890563623820983 0.08380167082788695 0.05133485139779491 0.11864862699766456
7 0.1791373108132229 0.14370900786592306 0.05898696241160803 0.1440148894851277
7 0.14254842032514384 0.6633444736504516 0.06860234702699265 0.14418272664789894
8 0.1596724119602799 0.40530864572822556 0.07561898538823596 0.20197993256693877
10 0.4152116620862826 0.24515580793924327 0.046296382991292045 0.10534355457012506
11 0.268115494504046 0.2161539835146729 0.07146774537845998 0.17066699363089952
10 0.4075717176568242 0.08281227397324223 0.045010541332983184 0.10051488261708635
10 0.265906548450495 0.15844069617701884 0.044989561687636806 0.09931295954016324
10 0.2570132848378801 0.33731743818509313 0.05108309565363784 0.1042255500745877
10 0.2587336157562862 0.4358751304927854 0.0548147427564856 0.1115000274721653
10 0.2508054158296064 0.6700403340393214 0.04988117257671476 0.10420457042924133
10 0.43388752372250433 0.5578865840380539 0.04772908216702568 0.11858568806162523
10 0.4572932423772103 0.7974049506712888 0.058420511987254835 0.11156296640820457