1 0.7527645072485042 0.14822004523083443 0.054815900163247895 0.13521676718650316
1 0.5215166854697647 0.32105752827691975 0.05361397708632482 0.13520278154531434
5 0.7117542225871791 0.41223753855943607 0.05808697349139973 0.17250435385349625
3 0.7806295237616984 0.29401636420943567 0.07905119213173115 0.19557864821524426
6 0.8506387386042729 0.7985731570410436 0.07907816226282066 0.14511186462566392
6 0.7389299117373932 0.07111515497230306 0.056939995615705424 0.12322550769965002
3 0.8214898836818372 0.5529752657542606 0.07779231397548095 0.1414921097537058
4 0.6881923421801279 0.3398284554790865 0.04696093508851499 0.10748862257013961
3 0.6076355209561429 0.3400933405963598 0.0645991351994658 0.14254019077755203
4 0.6641868804070512 0.07986342983398186 0.04687700987809835 0.10388285333937033
4 0.581615854133066 0.16666677648971662 0.04813488309529923 0.10630068513440534
4 0.514641852788942 0.2548538595578289 0.04698891015865396 0.10869054564706268
4 0.5257908415667197 0.4473433652009757 0.055402371697115496 0.10878844513538428
4 0.7412637386042729 0.7973004636928624 0.056800120265010835 0.11721589231503443
4 0.5967582433673606 0.5491580277750312 0.05188052767676291 0.11235225744258716
4 0.5349266302335465 0.6746746544337028 0.05794609320165597 0.11482603180237742
9 0.3448060180919335 0.3202035620990887 0.06205541369492533 0.13650260411055917
12 0.3291439985703519 0.7864937733804873 0.07060875058408132 0.14261011898349588
12 0.1906571631694978 0.07315116412867013 0.053278276244658244 0.12077970462223744
7 0.17721120382318364 0.13430938463985903 0.06110526624925225 0.14730592616167798
7 0.11917314589871739 0.6650279302746844 0.07072065086463687 0.14741781129118847
8 0.14693430164374968 0.4020585179699291 0.07927499269284202 0.20519403283062887
10 0.41527388838627116 0.2368661282622351 0.04816285816543807 0.10750260821132834
11 0.26685087839086524 0.20868960106251577 0.0749138965683228 0.17270015283013945
10 0.41432675575774564 0.0709448010820953 0.04564711173103643 0.10266694462125846
10 0.26584578574396356 0.14856547593398434 0.04561913666089753 0.10146502154433537
10 0.24957434431362152 0.33111792721440403 0.052942575402991535 0.10635662769916052
10 0.24839838642873896 0.43329537439405436 0.056716195054594125 0.11361012308426546
10 0.22963816869508488 0.6711223015717468 0.05051075417900655 0.10512673333985981
10 0.42225559665240336 0.5567454944180393 0.04967250701388902 0.12073774769867093
10 0.43583540171511687 0.7997577262155217 0.06032196428536342 0.11365208000783183