6 0.420030579493706 0.05784022255539564 0.06001308206433501 0.09752462459065175
6 0.15895343907600928 0.7522949606904382 0.08106114258433475 0.15088481616762822
2 0.21451824517699075 0.3642706372743057 0.0986293046442644 0.21497839022649584
5 0.41553225542279537 0.2908454490576392 0.07545711079419458 0.185600710047703
4 0.33912496309307616 0.12685137932441265 0.049391573348670656 0.11409977203632483
4 0.3281826266953833 0.21911970554610072 0.047001712836013246 0.1152457449729701
4 0.3075278482592982 0.4060881792134618 0.055387203092097166 0.1130377243100962
4 0.2992131282744724 0.5176432248061968 0.05421325129755171 0.11541359539380353
4 0.5033565538853129 0.30009916763931666 0.05295538565587339 0.11057792801597224
4 0.49573774769867107 0.058400728897222635 0.05036972616657291 0.09489697787569448
3 0.41949996719384547 0.11550455517756444 0.052117089249859236 0.14179995294583342
3 0.5826563477451724 0.40287908565988295 0.06786796002055859 0.15298093654994666
7 0.7877550072834218 0.7837528454500007 0.07264768104587314 0.15068899067665598
7 0.8879176800665705 0.5109183168665605 0.0738356184816076 0.14951504266987187
12 0.831032329236643 0.06260000423520369 0.07071850462713222 0.08816101560651715
8 0.8719421969715362 0.37716915448643235 0.0842481846447539 0.21824845861559836
11 0.6691799815771311 0.30035395808771426 0.08382861540908976 0.18219076630790604
9 0.6630716246388801 0.18846321165331253 0.05818264719922986 0.14674752060422017
9 0.8821047057239123 0.6309427741380349 0.07990117643097797 0.1544626103282585
10 0.5875331261934946 0.30566319177980816 0.04937758770748178 0.11289784895940176
10 0.7480856512877619 0.059467801318697215 0.053863610267831666 0.08536551847072654
10 0.7462840297703484 0.21443195303135748 0.056645068733775346 0.11787339168792735
10 0.777719211367059 0.6441339430359515 0.07235398258090833 0.12544860606127137
10 0.5820723190764988 0.7657479546100967 0.06876219899132785 0.1265666039277778