1 0.5977219680453227 0.14563742453364012 0.06319583470353056 0.14852183487978984
2 0.7690759952903409 0.28542244399699784 0.09520236545035378 0.21617916821720223
6 0.5097625003555527 0.23677463582727595 0.06981284254000314 0.12817305641923035
3 0.4291287370325772 0.24131744301769503 0.07005764926797162 0.1365865179576919
3 0.41441822279156193 0.7881784573765062 0.0852850911543727 0.1643985764211881
4 0.725681327324929 0.7857580993855292 0.0712945447346042 0.13780242667580359
6 0.5687801457661664 0.06667412812762594 0.06634696286807304 0.13293879180335624
4 0.6775678413224298 0.33334636708615817 0.062216607791657344 0.11486798872594364
4 0.5235797753626389 0.670361182490353 0.06132943622212217 0.1256713107770626
4 0.5935674798511908 0.5361785106865073 0.06733905160673742 0.12574123898300657
4 0.4867953210713021 0.15894333429224083 0.05500506933011902 0.11478407487881086
4 0.4108643328868897 0.1670359681486739 0.0503372665812657 0.119535824621748
8 0.14068367348849467 0.4092815158767142 0.09159659621958455 0.21613721129363592
11 0.337324329029532 0.1342492317485336 0.06901772631280587 0.1834335466753143
9 0.2038019052123454 0.8002413291999315 0.09012775585177486 0.1656564420628667
12 0.18639374535607928 0.0771311774102809 0.06507509501173046 0.1305209600083213
7 0.17248600554252172 0.14217487997601508 0.06450267494958298 0.15214158975174788
7 0.33964334602236934 0.4261906686701421 0.06683657632400958 0.14976571488027937
10 0.40758256389963515 0.07335589635461795 0.05497009694040923 0.1135821518018878
10 0.2609736721686026 0.15676494252804363 0.057303998314835895 0.11120627693041925
10 0.24250665986598557 0.33720724611958197 0.05868078334030775 0.11722987795622344
10 0.23953400674065642 0.43937070765804354 0.06246141451962575 0.12328145026440519
10 0.3332176750519014 0.5644397937986735 0.06249638690933546 0.12448337334132827