5 0.7887527107305612 0.2756392316873476 0.07155764309846055 0.15946501334279678
2 0.7914913702076246 0.350116505533012 0.07551305335894981 0.18955504718944013
1 0.814047353780073 0.47724063886308205 0.059230728223076096 0.13288284923860105
1 0.7608855517676236 0.19184027169126353 0.04955940104293624 0.12796327180139827
3 0.7509493394702105 0.11624498861580888 0.06019489539978961 0.11246414257209757
3 0.8294617270969269 0.5984390706556696 0.07472985745237701 0.12224735488174783
6 0.7506005405058046 0.047448539437781996 0.04807776514223697 0.09489707887556399
6 0.8412423599006339 0.7220833055256697 0.06999209335062855 0.1282010277016081
4 0.7390649127209835 0.724474008103641 0.05288545744992927 0.10396676718650309
4 0.7260683711991647 0.6020456819517528 0.05168353437300647 0.10395278154531436
4 0.7129040019830801 0.49404043272294157 0.045603990782446965 0.09787323795475499
4 0.7021015219972752 0.3896129814425219 0.04681989950055892 0.0990891466728668
4 0.6900271907286033 0.2912091311879064 0.04677794257699256 0.09548337744209758
4 0.6813768153552461 0.20838832400972457 0.041998221551677734 0.09783128103118856
4 0.6715245169049658 0.12558150247273148 0.04311623078146782 0.09063372821083891
4 0.667681833839301 0.04490875431500203 0.041956264628111375 0.08981750863000405
11 0.187986971245666 0.26580512920482635 0.0644719754076213 0.1701984071879717
8 0.17135500508007218 0.35252540407874233 0.0671695200264324 0.1954667630857339
7 0.19245985023014106 0.19124394151202923 0.050831252325803364 0.13398687282720254
7 0.15665137326790513 0.4800830922856654 0.058028805146153016 0.13286886359741218
9 0.21142573434363707 0.11050531074035098 0.05317915591489428 0.12920715180188777
9 0.16011644402147227 0.5954117651055255 0.06777006053223686 0.14379805641923035
12 0.1343717342579767 0.7423260933139169 0.06528230053125791 0.13655854667531414
12 0.211007007173287 0.04427821973082227 0.04792392308916026 0.08855643946164454
10 0.289132007173287 0.04410318869963371 0.04072637026881061 0.08820637739926741
10 0.28580510870097986 0.12165743175587591 0.04431815385839103 0.09064771385202772
10 0.28236632509916215 0.21062771073056122 0.043214130269789555 0.09904718974930045
10 0.2753777148313305 0.29483225432112065 0.050453640013705635 0.10153494975027946
10 0.27537687276601647 0.3981836532953164 0.049251716936782555 0.10152096410909059
10 0.25970907377713603 0.5053226348357359 0.056505212321887516 0.10521064718699268
10 0.259708231711822 0.6086740338099317 0.05292741437349584 0.10757253641727232
10 0.24623449425895566 0.7338138902218199 0.056505212321887446 0.10521064718699281