6 0.8636334835996056 0.7119689786968475 0.08024295156879245 0.15929827770608979
4 0.5291258572024498 0.04223712718542981 0.054645945174130316 0.08447425437085962
2 0.8085811672036967 0.3406037279368049 0.08899205713480886 0.2171864108893697
5 0.6097953563895934 0.26469076835587557 0.07078839638327768 0.18671870791420944
4 0.7162498603817492 0.3800174237221148 0.06069751606219033 0.10476413812232913
4 0.6911625112571779 0.20028846358643104 0.058286677324436584 0.10350626490512824
4 0.6786258292787996 0.11162590659551225 0.04990817870551194 0.10932005479877144
4 0.5293364360748212 0.2785843288244119 0.04872723338031111 0.11289784895940176
4 0.6423879324998137 0.49473264730149513 0.058377580915232624 0.11913126490512838
3 0.44816507355664376 0.37664047974770265 0.07296148726817993 0.14711119651602572
7 0.4530085301390225 0.5892969391526706 0.07059260403387067 0.15306486176036344
11 0.3670068948511318 0.27034173252393134 0.06964241397761402 0.19630611745945523
9 0.518728104544586 0.10813505246244616 0.06097721941848606 0.1528410611992522
9 0.1669578304152376 0.5971569289226495 0.08141690431008576 0.15451856046853643
8 0.17033204302191327 0.35065079787286313 0.08294048624674911 0.20983499707713682
12 0.204606626433219 0.046090693097061895 0.06786709902028416 0.09218138619412379
12 0.2603380248232949 0.738031694675801 0.07896411006888779 0.14604914878979697
10 0.26679436422283437 0.6080561519472755 0.0607954122368937 0.1215910611992522
10 0.4463967511832214 0.2793126855870723 0.055938771841849574 0.11306569938023511
10 0.28633040308008084 0.04385369242499989 0.05343003692939245 0.08770738484999978
10 0.28966426289361097 0.20001675239743566 0.05468090809366735 0.1034223396947116
10 0.46221215365902 0.7249184213540061 0.06563107488021558 0.12651065378750012