6 0.8962930655388859 0.7524038461538461 0.08484872515055851 0.16466346153846154
4 0.558376762045245 0.04447115384615385 0.06113109129412537 0.0889423076923077
2 0.8455219661044079 0.3641826923076923 0.09396146874846013 0.2247596153846154
5 0.6397841773980436 0.27884615384615385 0.07438105848797086 0.19471153846153846
4 0.7489345650737088 0.4014423076923077 0.06496063078391555 0.10817307692307693
4 0.7246880030480433 0.2127403846153846 0.06134087591195717 0.10697115384615384
4 0.7137456666503503 0.1201923076923077 0.05299734257943975 0.11298076923076923
4 0.5543077825246172 0.29086538461538464 0.05183737642608317 0.11658653846153846
4 0.6682230635190941 0.5204326923076923 0.06273859796552372 0.12379807692307693
3 0.46779645020321925 0.3918269230769231 0.0774973302771318 0.15264423076923078
7 0.47000281324979404 0.6153846153846154 0.0739614892523067 0.15865384615384615
11 0.3849764850903514 0.27884615384615385 0.07329102054055812 0.20432692307692307
9 0.5467622728051755 0.11298076923076923 0.06434610463692209 0.15865384615384615
9 0.1707099814547591 0.6165865384615384 0.08599470566272628 0.15985576923076922
8 0.1785245866180442 0.3581730769230769 0.08786793951671196 0.21754807692307693
12 0.21943445435293732 0.04447115384615385 0.07555416821720229 0.0889423076923077
12 0.26512960810119357 0.765625 0.08347897437936971 0.1502403846153846
10 0.27512344709398995 0.6298076923076923 0.06517041540174749 0.12620192307692307
10 0.4689712440630788 0.29086538461538464 0.05904891488762164 0.11658653846153846
10 0.3060008871737765 0.042067307692307696 0.053863610267831666 0.08413461538461539
10 0.3053147486902111 0.20432692307692307 0.05893702975811122 0.10697115384615384
10 0.47676596912797675 0.7572115384615384 0.07003405027419504 0.1310096153846154