6 0.7403625048216971 0.039997502855717806 0.06254422112583669 0.07999500571143561
6 0.8441692366575856 0.7653910393104582 0.08603237316506916 0.14831203416724145
2 0.7776164845608501 0.24423191963154584 0.08428014058891674 0.21199297949244242
5 0.705644602594969 0.3636208815296521 0.07612434760521526 0.179499100912075
4 0.6800637428186137 0.29286824942106077 0.04775855847887064 0.11323949483534299
4 0.7312234398165263 0.7648464191208304 0.06355842042741955 0.11934001381075468
3 0.8179295371222075 0.510779139352173 0.08207688003720211 0.1362718256462886
3 0.5984378907569737 0.2897379758959947 0.06323080709324048 0.149381098149924
1 0.6549909939704488 0.04143892193146928 0.05660455052064087 0.08287784386293856
1 0.5000900327875399 0.2830998293148629 0.07047731794448858 0.15062497673029143
4 0.49888088352928783 0.03707351055591991 0.047911309864501206 0.07414702111183982
4 0.5711618813570942 0.11204216027687901 0.04889053677637442 0.11084264126540422
4 0.5010214254829118 0.20978951420646255 0.05380314625319594 0.11447638083180302
4 0.5146566123601204 0.40198532517163643 0.05136432770964014 0.11326047258706523
4 0.5835895095119172 0.5109407701371926 0.05517993127866779 0.1204929888003258
4 0.5185144145001869 0.6411050842241622 0.0624963869093356 0.12414071353453938
9 0.32238027935147334 0.2781251163485424 0.06796855462151322 0.14700522233170757
9 0.11006678959393475 0.5124939251197844 0.08585751121652029 0.1423024187826261
8 0.11917608583592688 0.36462941632261636 0.08297330034286449 0.20838021767776574
7 0.08705900227451199 0.6424134987699952 0.07648693332910397 0.15065993964982846
7 0.151258197007632 0.08804725695216072 0.065564708467667 0.14699123716389267
12 0.16453643380641392 0.045267507056447824 0.05554251700255678 0.09053501411289565
12 0.3034437416010401 0.7637300097610951 0.07648693332910397 0.15065993964982846
10 0.19873293125922886 0.6453689576973763 0.061154574273573396 0.11932602864293976
10 0.22039529285222503 0.3964869697674106 0.06207671823281849 0.10971763661146247
10 0.22584173691081985 0.2919056769072881 0.0572340535354164 0.10848774319890982
11 0.24280493645591744 0.16322298925353748 0.0808970675231975 0.1783251481707815
10 0.24582542379774777 0.1007159966696301 0.047408834581773224 0.1012202640661122
10 0.3967174219908263 0.037377687955891734 0.05271900217219351 0.07475537591178347
10 0.3959516425078763 0.18636640005185207 0.05249630600714365 0.1108636190171264
10 0.40047753314309253 0.5264267198141941 0.05871575573001746 0.11811012039820176
10 0.4113020670167292 0.7739179849017369 0.06486526067347197 0.12295277562543123