2 0.7545778621122861 0.3374477329295947 0.08917012800961562 0.21830440875587614
3 0.567328632804487 0.37397698167345134 0.0637049378940706 0.15644683043002144
3 0.3916709687014416 0.8425001662951926 0.0749138965683228 0.17352552913819444
6 0.5473485663142628 0.09571729936116499 0.06331328691212622 0.13961990735309832
6 0.48802767491960436 0.4743500387230239 0.0695467028578527 0.1493751673191774
4 0.7149323262534715 0.8524293063164001 0.06918302694604715 0.13375016731917755
4 0.6621966306709932 0.37979278144519285 0.05923194148899569 0.1191032898349894
4 0.5767441721727025 0.5894569132843488 0.056995945755983095 0.12625887815625006
4 0.5027254778488242 0.7212198456846158 0.06535345715416668 0.12405085749337602
4 0.48506834711917707 0.2914898806098829 0.06026601414508548 0.11191972644358977
4 0.4621219182551815 0.1923447118292739 0.056800120265010835 0.11784541661778852
1 0.5754104132574784 0.18175321457617571 0.059037120937072876 0.1623445455340812
1 0.305137531858226 0.5819326243560365 0.07703799202078006 0.16156224850924147
11 0.3076892928751601 0.1622936200890494 0.06692006108194462 0.19135854980106848
9 0.17389909121725358 0.8470520632154384 0.08218138517013901 0.17609722571287387
9 0.3056730779470617 0.35225341638317337 0.0682888296406518 0.1469433460951923
7 0.3114568828924676 0.4654300111049148 0.06356506254337614 0.15043721504540605
7 0.1333265215108973 0.16184300414967961 0.0768701415999467 0.154350710047703
12 0.14800237900427343 0.0996507299212074 0.06311746142115396 0.1312064458146368
8 0.10413964212783083 0.4341480162785792 0.08919810307975445 0.21950633183279925
10 0.37653561404049135 0.09775445478605801 0.056800120265010835 0.11784541661778848
10 0.2290607416126601 0.18210985591463696 0.05668821998445522 0.1130377243100962
10 0.20918353095154885 0.3644384876951391 0.055402371697115496 0.10940398000918815
10 0.20554777677254238 0.46897782031730784 0.06046183963605774 0.12033318798205131
10 0.18896760463162332 0.7163221985322117 0.06538143222430566 0.1252527805702991