9 0.5467612887122762 0.1506222072540525 0.06508049637760913 0.14856379180335627
9 0.739507447557978 0.8164613047176876 0.08584886301084402 0.1680323169343351
8 0.8210338798729115 0.4158861067790858 0.09406742444901048 0.22580853847377563
11 0.6370313973535856 0.14445959188167434 0.07292142419953998 0.1847053979581814
12 0.7908504882622156 0.07892807600496009 0.07572996690714554 0.13907427795867086
7 0.8017158385373935 0.14517370164761736 0.07119500998895653 0.15464333539391567
7 0.6199980313465616 0.43157935085440163 0.07003504620272648 0.15703319590657308
10 0.567376714535909 0.0715190544361503 0.06202628121802407 0.11127620513636326
10 0.7113408316693521 0.1573459324046109 0.05835757305121557 0.10762847898202757
10 0.7226169617904669 0.3378022216373381 0.06219411838079535 0.12089158975174791
10 0.7274340909136997 0.6816780924080372 0.06225705731683462 0.124497358982517
10 0.7195688299230592 0.44355746676538005 0.06227803696218086 0.1256992820594401
2 0.18963446428770592 0.29313105848797083 0.09151672077773941 0.21736710565293654
3 0.36682675137588955 0.3348643949223753 0.06526931318572693 0.15938109949566398
3 0.5245520335968651 0.8031405672525841 0.07733050324565045 0.16192480206139812
6 0.40273423264279384 0.06840109851636111 0.05871422702210465 0.12806117128971992
6 0.44553036838459764 0.4403687405743328 0.06746336288610877 0.1473898400088107
1 0.37248244255843016 0.148594289281676 0.053229102771149645 0.1580393200068528
1 0.614252338290458 0.5541335477769891 0.06885410277114964 0.15822113334230728
4 0.4558888536480984 0.2601641928830041 0.052473835538678716 0.11477008923762205
4 0.48403051261346575 0.16311610775838858 0.054772783465792715 0.10878844513538428
4 0.27408985764469496 0.3446048082431451 0.057323487137063776 0.11722987795622344
4 0.20597947927621044 0.8030401415683203 0.06472384240672004 0.12813109949566398
4 0.35467891296576615 0.5487088031263614 0.05641527909499052 0.13404281539195778
4 0.4185398601444689 0.6780837826225148 0.06236195554356664 0.13050697436713238