9 0.5928829195954826 0.14903846153846154 0.06215117215977956 0.1466346153846154
9 0.793370914107244 0.8088942307692307 0.08389766888691323 0.1658653846153846
8 0.869009759656808 0.4098557692307692 0.09024292829908376 0.22355769230769232
11 0.6830691058681577 0.14182692307692307 0.07077441121546275 0.18269230769230768
12 0.8360979287522954 0.07572115384615384 0.07411446225775119 0.13701923076923078
7 0.8465306443296962 0.14182692307692307 0.06940466612476225 0.15384615384615385
7 0.6693856401289662 0.42788461538461536 0.0682097356317465 0.15504807692307693
10 0.6125682067802327 0.07091346153846154 0.059530555904804015 0.109375
10 0.7575114182144073 0.15504807692307693 0.05591080150622 0.10697115384615384
10 0.7708926001352817 0.33413461538461536 0.0607884196529861 0.11899038461538461
10 0.7797240139978884 0.6754807692307693 0.06080939740470862 0.12259615384615384
10 0.7690823222584151 0.4387019230769231 0.059621459495600194 0.125
2 0.23986636282031848 0.2956730769230769 0.08899205713480886 0.21514423076923078
3 0.4175272155198971 0.33413461538461536 0.06221410541494603 0.15745192307692307
3 0.5782826240092724 0.7992788461538461 0.07544924442891479 0.15985576923076922
6 0.4491346386543239 0.06610576923076923 0.0572595688451984 0.13221153846153846
6 0.49624578379687656 0.4387019230769231 0.06574994880664133 0.14543269230769232
1 0.4197990039346522 0.1502403846153846 0.05138980513873101 0.15625
1 0.6650666273396424 0.5504807692307693 0.06581288206180794 0.15625
4 0.5044992172606174 0.25961538461538464 0.051138072118064586 0.11298076923076923
4 0.5315079242494243 0.1622596153846154 0.05350695535237385 0.10697115384615384
4 0.3249092127577462 0.34615384615384615 0.05595974959357182 0.11538461538461539
4 0.26095395394985793 0.8028846153846154 0.06323422131027676 0.12620192307692307
4 0.406674143552903 0.546875 0.0548627152752597 0.13341346153846154
4 0.47203170630558067 0.6754807692307693 0.06084436032424552 0.12860576923076922