1 0.4014453225094553 0.16199233953274042 0.056325549011698846 0.14875964285678075
2 0.23052348477227588 0.3031810601882794 0.08754857888060918 0.1997649032212103
3 0.7697743548319984 0.6562040634313949 0.07460617079679494 0.1598916452292847
3 0.6567615907748935 0.4463832030425253 0.07080457607505344 0.1514152447547839
4 0.2696654693685904 0.7976539766466316 0.06406760886682704 0.12006034652805188
4 0.31572115282216906 0.35032271228560535 0.056744170124733026 0.11512677634828104
4 0.3996080123317312 0.5476208304169303 0.05439627411116468 0.11748866321143431
4 0.46993701221442363 0.678603382864022 0.0629775860704595 0.12484705919039768
6 0.4260692506427351 0.08432889173036154 0.055905922959615495 0.13073079670293458
6 0.4935777931366456 0.3522257767199518 0.06068564019716897 0.12961279220739724
12 0.8048708453644766 0.09935094155294394 0.059399791909828976 0.12598604333128152
4 0.5823212605208336 0.19037967095008732 0.05190850274690188 0.11384093468997225
8 0.837662489039263 0.3209873195497576 0.08886240223808801 0.20459357517424911
9 0.7805107521310369 0.8077722489957812 0.08777137450267111 0.15771857517424911
7 0.8158290333465279 0.15721108640802292 0.06862453048231852 0.1609886700794757
11 0.6524234450252672 0.15676170079475663 0.06806603401858989 0.18861192120336
10 0.7285921999936433 0.17731418768235002 0.05422842369033112 0.11027712474989584
10 0.7470996371569982 0.3530467126572762 0.056772145194871865 0.11632869942520412
10 0.748163694761325 0.450381502242699 0.06155186243242547 0.11521069492966654
10 0.6549752060422015 0.576106976768832 0.06163578764284184 0.11881646416043577