1 0.5967980277138452 0.16903877060032177 0.05830851796992921 0.1572360433312815
2 0.7848722810679001 0.32493484639824693 0.0901738861822363 0.21066612949490376
3 0.2242060841942615 0.679257105393124 0.0776791436125864 0.16959094842605482
3 0.337017341600137 0.46011730519253374 0.07397547489349544 0.16111454795155417
4 0.7609079580619529 0.847246893726125 0.06637233847867044 0.12733482392562934
4 0.6952874759462215 0.37143829607418877 0.059090871811188134 0.12119933066893569
4 0.6147603139230035 0.5767214697760554 0.05672898258090834 0.12476314060901189
4 0.54426726368552 0.7148857679783475 0.06522635796650274 0.1321215365879754
6 0.5681748020613981 0.08442162337273883 0.05688282463398518 0.13798429445516588
6 0.5065715672281097 0.36694256867787856 0.06287845437741169 0.13688726960497483
12 0.16684437949860087 0.08702980644242071 0.06163457437692225 0.13326052072885922
4 0.4072018656661527 0.1921662943278958 0.05306727078538387 0.11989250936528045
8 0.13952350260734067 0.3208803153087603 0.09145972310629237 0.2178986476017886
9 0.21885463601083394 0.8389869967518149 0.09087232617636264 0.1674178783710195
7 0.15674033950692218 0.14813906655737988 0.07168351386915976 0.1706879732762459
11 0.33104715694314596 0.15358496128645627 0.07081724618076798 0.1995131474770534
10 0.2507560666895094 0.17261201735593876 0.05664506873377548 0.11755160214747357
10 0.2372848554325852 0.35743543581258924 0.05911884309356568 0.12360317682278185
10 0.2397035292929342 0.4620237231502433 0.06389856411888037 0.12128324925032133
10 0.3434333826445417 0.5984223776200732 0.06395450668363568 0.1260909415580135