2 0.23122714504569644 0.2923217932052789 0.09027780608299985 0.21178413399044105
6 0.259687891105785 0.07540310564259443 0.0633432711131313 0.1284318487758205
6 0.20103410609121847 0.5284292907080398 0.07801818050850456 0.13589514298151592
1 0.37619819543691196 0.660014169578 0.07284800669821004 0.15982870629324544
1 0.40680712563974 0.33262345716512454 0.06388890813643987 0.14405684877582053
5 0.485676185389597 0.42408940559117947 0.07252749727432381 0.18504811126328355
4 0.4884234163013928 0.26197664772398893 0.049534508164952924 0.1113741496000869
4 0.2736760819346587 0.7855508272960152 0.06433533379647417 0.12244321303655152
4 0.31811665041972853 0.3382825018710282 0.05567003978571637 0.11508481705758815
4 0.4033349317227397 0.5427711788185452 0.06296552240468692 0.11761454108351284
4 0.4738897412974096 0.6713289054664442 0.06420941756032597 0.11883744380578229
4 0.509271999857435 0.1710500867847634 0.057738109309834175 0.10551139173289642
1 0.39810746767848737 0.15229303633597013 0.07019232807206749 0.1525752085410141
1 0.6544109385635147 0.5435501554651768 0.0747062158287477 0.14424566558393834
11 0.6537813064333744 0.147146316179372 0.07368744827253092 0.18386716783170695
12 0.8018391429555247 0.08726877184767391 0.06437730587519042 0.1236451361134746
9 0.7859891172549017 0.8029016177520496 0.08581732807206749 0.15284794393051754
9 0.6552694259330885 0.3273508591364479 0.06483899874106669 0.13686628995962843
7 0.6528694093180528 0.43061134552510044 0.059989334354658405 0.1355804483013197
7 0.8149229428984988 0.1523614348096378 0.06384693605772376 0.14285492569889746
8 0.8457494435219276 0.41596022227202717 0.09268165223684613 0.21182609328113394
10 0.5819711640360338 0.08583334290312604 0.0484165292454618 0.1137570161085866
10 0.5851915764301374 0.24684907592012553 0.05326619363187035 0.11504285776689532
10 0.7278121394638547 0.16885876685319562 0.05430022839392898 0.11025614510454947
10 0.7470772726451188 0.3421664660289293 0.05687196286263958 0.11510579670293453
10 0.7518048503341895 0.44314898413581416 0.05815783009699461 0.11753062250212719
10 0.7695628182204864 0.6764898982216624 0.06309143864083512 0.12122031031428221