11 0.24774918933696718 0.18028846153846154 0.07793700158964967 0.17427884615384615
2 0.7713121551697257 0.2620192307692308 0.08169660766638168 0.20072115384615385
1 0.6475358573535204 0.051682692307692304 0.057084754247513504 0.10216346153846154
6 0.7316844579059505 0.04927884615384615 0.05826569957271433 0.0985576923076923
4 0.6808882210441991 0.31009615384615385 0.052298039691543445 0.10576923076923077
6 0.8500640836559433 0.7740384615384616 0.0837648097926727 0.14302884615384615
4 0.7382712523342823 0.7764423076923077 0.06557513420895643 0.11538461538461539
3 0.6404757516724964 0.6454326923076923 0.07172460127171967 0.13942307692307693
3 0.6003733600581677 0.3076923076923077 0.05730851693255022 0.140625
5 0.5061478643524645 0.3894230769230769 0.06717563456860112 0.18389423076923078
4 0.5274600195221901 0.6514423076923077 0.059579503992155836 0.11778846153846154
4 0.5883043798464356 0.5228365384615384 0.05236097294670991 0.11658653846153846
4 0.567747423738709 0.1310096153846154 0.0462814317230206 0.1045673076923077
4 0.4961145274129348 0.04807692307692308 0.040222868251053395 0.09615384615384616
4 0.5011032255470701 0.22355769230769232 0.048706255628588865 0.10817307692307693
4 0.33648091815690356 0.4230769230769231 0.04993614904114151 0.11298076923076923
1 0.33715140485686435 0.5144230769230769 0.0597473260059334 0.1466346153846154
8 0.12882792920550715 0.375 0.07570797003348848 0.20432692307692307
12 0.16796854966121266 0.051682692307692304 0.055882831170590425 0.10216346153846154
9 0.3300175861734566 0.29447115384615385 0.06329016198153603 0.13581730769230768
9 0.12676591830797407 0.5228365384615384 0.0741284474255659 0.13942307692307693
7 0.15563465261614898 0.10576923076923077 0.05735047243599457 0.14783653846153846
7 0.10682190551865021 0.6454326923076923 0.07175956419125672 0.14543269230769232
10 0.24809881853233712 0.1201923076923077 0.04623947621957617 0.09735576923076923
10 0.23262685402315045 0.3004807692307692 0.05470188584538953 0.10576923076923077
10 0.21616194259911323 0.6514423076923077 0.06080240482080102 0.12139423076923077
10 0.23199752147148459 0.40865384615384615 0.0547298561810191 0.11057692307692307
10 0.39756382768914994 0.046875 0.0510261907755463 0.09375
10 0.4002465758441426 0.20552884615384615 0.04751831771948071 0.11057692307692307
10 0.41275368477659247 0.5348557692307693 0.04993614904114151 0.11298076923076923