2 0.212903159917766 0.5980883403641949 0.09513542054300558 0.22558761929190452
6 0.08605705528084394 0.7611072827045094 0.08721061438083816 0.16403770989653146
3 0.5172571096925199 0.3579860409141605 0.08466691181510391 0.15193453496986847
5 0.34655690355237934 0.2630265097090161 0.07443700105272609 0.20203755549219338
4 0.2620874748445467 0.1914872965286244 0.06037670873524393 0.12946047801093227
4 0.43179554252559615 0.2684599536586386 0.05547111693923002 0.1208791281576065
4 0.318589318905178 0.49828292336205304 0.05552705950398526 0.1256868204652988
12 0.29549935477161304 0.7273618333156103 0.07874121027762139 0.1589362130378268
9 0.44236279280713353 0.08306999526147246 0.06911184002104803 0.15739851333117533
8 0.6990971353376245 0.32160018010496105 0.08308821849139719 0.22276405235089805
12 0.7616556040983219 0.018532460149038987 0.06803494564951015 0.03706492029807797
11 0.6015184379131485 0.2409072751750612 0.06233385643636233 0.19440629624349448
10 0.5196058553469248 0.2593863765277521 0.06159261745335588 0.1307043731665714
10 0.6823007097390212 0.022226947723403463 0.05727358052195742 0.044453895446806925
10 0.6830262789502108 0.15396053051647088 0.057888948734264783 0.12216499539196167
10 0.708081481968885 0.5819977670101083 0.06389856411888016 0.12237485578554196