6 0.1191200382890275 0.8026460174190917 0.08018001831362567 0.14755766770307643
2 0.3152712476803406 0.759500973289932 0.08538628790403963 0.21612322565244704
5 0.38508228502688147 0.32842931584489754 0.0743731878623248 0.18234350872790167
4 0.2989983414424008 0.25131128201049135 0.05231901744326555 0.10997638257111855
4 0.352524671836198 0.5535525579004218 0.06076044931735666 0.11488197436713253
4 0.4667710987542063 0.3346898307055973 0.052346987778895265 0.11478407487881093
8 0.6346067893211783 0.4072510717083956 0.08052265492508817 0.2064518984723072
12 0.8182500884248923 0.24166371578615894 0.06925082927879946 0.12820102770160796
10 0.7218662883572513 0.07572924503014436 0.059523563320896554 0.1088583733413283
10 0.6323645739523519 0.17291802863196198 0.05594576442575717 0.11362410872545421
10 0.5544905056178687 0.3372746481295839 0.054736848764926495 0.11240820000734225
10 0.7339810112357374 0.6789128163100746 0.06324121389418408 0.12813109949566398