6 0.13221153846153846 0.7822107294396192 0.078125 0.14770589763882652
2 0.32572115384615385 0.7357147900809641 0.0829326923076923 0.21635540258228103
5 0.3918269230769231 0.30831053941615844 0.07211538461538461 0.18238680492104684
4 0.3076923076923077 0.23383552977276434 0.051682692307692304 0.1096768896805964
4 0.36177884615384615 0.5315406183896715 0.05889423076923077 0.11469441632654719
4 0.4735576923076923 0.31314395537743356 0.051682692307692304 0.11448458198828877
8 0.640625 0.38160010090008534 0.078125 0.20539820533113406
12 0.8209134615384616 0.21529655013592983 0.0673076923076923 0.12816037690066936
10 0.7247596153846154 0.053285678584145756 0.05889423076923077 0.10657135716829151
10 0.6358173076923077 0.14976883661277052 0.054086538461538464 0.11335260369078512
10 0.5600961538461539 0.3154336356260235 0.054086538461538464 0.11215068061386205
10 0.7403846153846154 0.6491300848618681 0.06129807692307692 0.1279855149521206