2 0.23483319867425798 0.30034710878137927 0.0827256256230424 0.19517304899942675
5 0.4882170048672082 0.42388565874473305 0.06676495129749983 0.17585137617786126
1 0.35116525162282525 0.07849400423679326 0.0564991976763763 0.13853582012198679
6 0.26827451860582574 0.08138033868024988 0.054919640983217693 0.11689421215346396
6 0.16638589847113286 0.7863715572283758 0.08171860264641441 0.13748074130711913
4 0.2721551292403636 0.7857562098445248 0.06447208666256304 0.11334438359395395
3 0.3732547121583353 0.6553471553207962 0.07355689685210993 0.1518548701428442
3 0.40257185501765097 0.33783667807978934 0.060104966907145535 0.13855679787370898
4 0.32212692744519045 0.3431128735092773 0.049839213286022005 0.10124124181783446
4 0.4261399512974997 0.17301937969536502 0.04745634677752223 0.10242917972694268
4 0.4925543319162878 0.25918024170282705 0.04747732642286861 0.10363110280386582
4 0.402511645850426 0.5409826558315115 0.04996509115810054 0.10845278027937291
4 0.4708202778425687 0.6667999867935277 0.0548147427564856 0.11088459676884864
4 0.6533000593125979 0.44696613628788096 0.04979725399532898 0.0988373956639883
1 0.6537345485726954 0.5407231288717884 0.06136982892010788 0.14216955968838554
10 0.733706381117729 0.16401773975353262 0.04751928571356136 0.10603494895771191
11 0.7298217932052788 0.2169303254737776 0.06178942182703596 0.16620802122684714
8 0.8484162943278958 0.40015326818789815 0.07545114822546467 0.1915253242652131
9 0.850891892478773 0.5419801912648212 0.07691091033872237 0.13745277097148956
7 0.8211530506982638 0.1466803580513695 0.06963643294114465 0.13380504623727582
7 0.8721786669534908 0.6596567714607644 0.067316505368684 0.13859875337715322
9 0.654765904718033 0.32434900469000494 0.06358485826583624 0.13136623716389265
12 0.8079799394349801 0.08064451465967423 0.06594674512898963 0.12897637617786134
10 0.5916128059434799 0.08070125668608284 0.04874218843583095 0.10724386461854238
10 0.5884774019713233 0.24539968114408137 0.04996509115810054 0.10845278027937286
10 0.7499066446030738 0.3346138982536282 0.05108309565363811 0.10365208055558793
10 0.7528708578890958 0.4355684441312592 0.057113690683599734 0.10488896655204805
10 0.7700991239964149 0.6650588334005855 0.0632911432309864 0.1145393140869697
10 0.5831148020690837 0.5579626143992479 0.04996509115810054 0.10845278027937291