6 0.875 0.7766618227856246 0.078125 0.14650397456190342
2 0.8389423076923077 0.5208049587866396 0.09615384615384616 0.2095285604075496
5 0.6189903846153846 0.30527039608513906 0.06490384615384616 0.18818658596740365
3 0.45072115384615385 0.4073454153719273 0.06971153846153846 0.14625916783393494
4 0.7247596153846154 0.42733835099498213 0.052884615384615384 0.11451955437799856
4 0.7019230769230769 0.23797195251357367 0.04927884615384615 0.11321271413194613
4 0.6430288461538461 0.5295275361870264 0.055288461538461536 0.1242048837728026
4 0.5336538461538461 0.3172104333388234 0.04447115384615385 0.11667859380387623
4 0.37259615384615385 0.06372605619463935 0.04807692307692308 0.10716812635762095
11 0.3713942307692308 0.2968641607280065 0.0625 0.185712795034138
8 0.27163461538461536 0.3756922216128661 0.07932692307692307 0.21144279310545924
9 0.3641826923076923 0.5069908648512864 0.06009615384615385 0.1592005425624108
7 0.453125 0.6273672832282698 0.06610576923076923 0.1617792506648056
9 0.5240384615384616 0.13423834652883768 0.057692307692307696 0.1531209823983759
12 0.6658653846153846 0.7585573962068963 0.078125 0.1585232053311342
12 0.20793269230769232 0.054127146496710646 0.06009615384615385 0.09670054256241081
10 0.44711538461538464 0.3122885751258749 0.051682692307692304 0.11087881275751954
10 0.28725961538461536 0.054031478063708296 0.052884615384615384 0.09288493899338304
10 0.29086538461538464 0.21519408754052988 0.054086538461538464 0.11094875753693897
10 0.265625 0.6327288981258559 0.06370192307692307 0.12444969050077066