11 0.30895219078760694 0.10398612187284423 0.07779331891453012 0.1927342399260436
12 0.1528130861291133 0.058558586741675654 0.07485694148899583 0.11711717348335131
7 0.14317073138263897 0.1085568676828344 0.06971455327868605 0.1554326690379838
8 0.1241947526002673 0.2745551113924596 0.08441838584220104 0.2192115105378883
9 0.2142930826197122 0.7885236703615556 0.09297071779230787 0.17359437428607058
10 0.23365066299353643 0.12245550081285644 0.06040588949578 0.11692218248909357
10 0.2223338237949255 0.30764255824980646 0.05914801627857918 0.11451134375134006
10 0.22596957797393197 0.41220287335820677 0.06887530117451934 0.11937497673029157
10 0.3361019147457804 0.547397841082756 0.06655538023108977 0.12296676079324588
2 0.7694875695572652 0.2647904784495714 0.0963536914010151 0.21567566714619305
6 0.5529135953938035 0.05137421726061737 0.06736565232606846 0.10274843452123474
1 0.4840992690548079 0.19192149748248657 0.06991037876965824 0.16384613057644543
6 0.4917324434465281 0.31328775791608776 0.0704129250931092 0.13380504623727582
3 0.3244153700010687 0.4068217891701078 0.0820974599597223 0.1711275948770578
3 0.2118022964383018 0.6298628316238021 0.08078363660224373 0.16631290998545806
4 0.3890344407582801 0.135976534411879 0.055654147328365426 0.11929805830731015
4 0.5333591845899578 0.6556400424897575 0.06415153407724361 0.12295277562543123
4 0.6779745702293272 0.30980006125659487 0.05925991655913466 0.1193190360590323
4 0.6023693364199256 0.5218070259168521 0.06048981470619671 0.12052795171986283