11 0.6356196778231984 0.1638932237822121 0.0779179333153501 0.19644599281014968
12 0.7928976804451727 0.10863575213103699 0.07094325424479947 0.14101765592099366
7 0.8026240465794667 0.17138752776228697 0.07005602584807272 0.15901852700470087
8 0.8237253577694302 0.34021625993429555 0.08438910089758658 0.22302817585315182
9 0.7353142482575092 0.8588025976128211 0.09320725898980751 0.17757889949118613
10 0.7122280600660791 0.1837124744249472 0.059769292581602955 0.12033318798205131
10 0.7245802353920383 0.37157615033675273 0.05970635364556369 0.11672741875128209
10 0.7215111238792843 0.47851932911276773 0.06940565684233381 0.12175891162008548
10 0.6109463673867158 0.6130208035694984 0.06706474962452692 0.12530873071057705
2 0.17118602522693147 0.31901618146426297 0.09634539273077809 0.2197021573237715
6 0.38926132305248295 0.0872168977951392 0.06735846465937675 0.14213565378750007
1 0.458565435191448 0.24995309431116491 0.07020288336549764 0.1674319885431625
6 0.4515968394130749 0.3736392709536863 0.06967839223183712 0.13738391162008548
3 0.6218564067214009 0.47018778290662444 0.0823479920068068 0.17492327770608979
3 0.7369026180116595 0.6989188533119131 0.08106215034849822 0.1700876103282585
4 0.5545034015996525 0.1956727402367526 0.05498257991925689 0.12142321077841885
4 0.4119008553994611 0.7190098151436436 0.06466090347068078 0.1252527805702991
4 0.2641597783491141 0.3656693907812502 0.0597902722269492 0.1215351110589744
4 0.3409332679859519 0.5826879512497866 0.06103415459456517 0.12396693228295938