12 0.5827411457307604 0.22437306982321312 0.06366877684722187 0.13653057539293664
8 0.6723730519506856 0.3925172718870587 0.0818593768716619 0.21485137436957985
10 0.5931449438083172 0.3170610031581781 0.058546389859333366 0.11844578667433527
10 0.6730471303705852 0.14728300727118457 0.05850443056864062 0.11604194052048918
10 0.7647438548954505 0.05938962266803717 0.05702977210221395 0.10040295487930034
10 0.7696692357687787 0.672552205234261 0.06463992382533454 0.12332340718797169
2 0.34162286651356943 0.7457123026122356 0.09037773663685546 0.22095888924251683
6 0.14143228709325334 0.7818522246364327 0.08551318868530143 0.14880154770356585
5 0.41675596653547464 0.2981781908265009 0.07066443556311874 0.19309088821426532
4 0.33031631993156785 0.22263800825048743 0.047624183940293656 0.11231030051902066
4 0.5018617288982026 0.3123923251970598 0.05122995317106275 0.11235225744258716
4 0.38139395604757725 0.5333914872325151 0.058567369504679744 0.11964770975125834