12 0.5642490472139146 0.2372736632363138 0.05918877129950973 0.1302844439368374
8 0.6526196277481093 0.3922075742541345 0.07566689541202666 0.20405639269537199
10 0.5772752441487392 0.3234624008776778 0.054171294373985344 0.11211570822415226
10 0.6475165528448241 0.16030636518740018 0.054157308732796464 0.11091378514722919
10 0.7318041682172023 0.06767909474877683 0.052913428732307026 0.10727304352675023
10 0.7530242667580378 0.6513940414568752 0.06023685232335597 0.11709826248039334
2 0.3512471457425128 0.7376290227788738 0.08415028515643232 0.21031081480795558
6 0.16297877754244267 0.7803793033479207 0.07974733437790119 0.14169628225421113
5 0.410026123120977 0.3126985630473337 0.06581375489643247 0.18334392127000157
4 0.3262822636243341 0.24540011947576829 0.04449996719384549 0.10702823679878197
4 0.4907088113279 0.32357656678293395 0.04690381334769164 0.1070981815782014
4 0.38376731289475186 0.535893669631137 0.05418528001517409 0.11331763130107533