2 0.19099751748067398 0.2648946333592413 0.0804056980505819 0.20130963525811973
5 0.16886820366873623 0.37482913476201907 0.0812299875112695 0.17970299494364325
3 0.14614537649492146 0.519647380465705 0.07562506868041338 0.13391801774001083
3 0.19239434065789218 0.20714637552665582 0.06953153471441234 0.12897045008162403
1 0.13985085913644787 0.6412374367259079 0.07229203483914756 0.14945909252959394
1 0.21713729707714022 0.10917515475283102 0.05544413211687807 0.14786551847072654
6 0.23165037587378023 0.04813086333910248 0.05945459790140662 0.09626172667820496
6 0.11582121065897794 0.7800740421151174 0.08540829045856935 0.14375720291650643
4 0.22641911338124743 0.7787022587392626 0.06211019979940971 0.11678336889155962
4 0.2454522527429073 0.629160245938301 0.05850443056864048 0.11669944368114325
4 0.26882544892246096 0.5216016156192306 0.055995686188062305 0.11063387815625006
4 0.27031227397324226 0.4001234596395831 0.05352890109817688 0.10697215878520303
4 0.2879485901576839 0.308329704671207 0.06076141920506172 0.10834193228295938
4 0.28896777971866666 0.22894683145400616 0.05234795766660018 0.10814610679198726
4 0.3101259465524919 0.13226145896752112 0.05110407529898435 0.10571428556800216
4 0.30977537587378023 0.046844261347475845 0.04621246440990626 0.09368852269495169
11 0.8188838954774877 0.27793587751597154 0.07652719343030921 0.185600710047703
8 0.8372003733740063 0.36288076499556554 0.08291444243116021 0.20737520078301286
9 0.8245848994740842 0.19122956555667667 0.06594674512898936 0.13008844794813038
9 0.8433237000463454 0.5070276090159181 0.08547122939460869 0.14736297214727564
7 0.8071346703289461 0.08702593377617454 0.0651434353136484 0.15289701133953
7 0.8647573320384881 0.6327819309706189 0.07475881992903301 0.1531208119006411
12 0.7954362175320889 0.046392389234294555 0.06202628121802407 0.09278477846858911
12 0.8734523420274447 0.7864882094660783 0.08429028596303184 0.14853692015406003
10 0.7196311451045495 0.042423949030768945 0.054646905593714316 0.08484789806153789
10 0.7138042632358743 0.1132464507854695 0.05361281967956225 0.11177985109289536
10 0.7286198701283558 0.20428487886009555 0.055995686188062166 0.11063387815625006
10 0.7325762100378367 0.29317123641212545 0.05837855269656208 0.10948790521960479
10 0.7331785364607053 0.39656459609764894 0.06213117944475609 0.11798529196848297
10 0.761589577292213 0.7842821986813028 0.06691789210710215 0.11689526917211551
10 0.754222368252258 0.637759483577243 0.06466090347068078 0.1252527805702991
10 0.5539119942520407 0.5281926778424675 0.05858834915002612 0.12150713598883556