6 0.8591614353194684 0.7846917343803015 0.07892914714935054 0.13867567180013488
2 0.7757936000992185 0.29717946827132785 0.07692387827822628 0.20717130201693534
6 0.7384842352721018 0.08224501501931901 0.05600170509701631 0.12291781270589416
5 0.5241169826717418 0.4236479108918815 0.061138048848356163 0.1794361676569084
3 0.6444779137329764 0.6585325681619723 0.06457599606534796 0.15061099156247665
3 0.6017245314625943 0.3342510852455929 0.05609960127171968 0.13974473578281726
4 0.7533991971341449 0.7865090048410756 0.05838457349914022 0.11932602864293976
4 0.612535647926144 0.5397239907281798 0.052298039691543445 0.10606991187724901
4 0.5495889239112199 0.6699022899829643 0.05472985618101917 0.11089158935275598
4 0.691938688070899 0.3457458722217688 0.05111010178243502 0.10846676544718757
4 0.5183792767043655 0.2638201119967418 0.05351394793628117 0.1084807506150025
4 0.5803478403274032 0.17211034378740328 0.05230503227545077 0.10727183495417195
1 0.6567185031217957 0.0767108953404067 0.05369575511787353 0.13973075061500245
1 0.3625636182617736 0.5459861404886109 0.05854540292901033 0.1469702594121705
7 0.18478228892547033 0.15157436543139885 0.06212320182414992 0.14218354485620038
12 0.19643790533151642 0.08900443959232485 0.0523749581145247 0.11929106572340273
8 0.16343517083620773 0.4077168399102548 0.07688192277478191 0.19995976355539688
11 0.34581201089753305 0.14582966688011514 0.06354888758610965 0.18065207590164625
9 0.35290547678779516 0.3320927808836551 0.06208124632070549 0.13497200639466186
9 0.1642602957372807 0.5495437629871779 0.0753093927507668 0.13625084789456648
7 0.1457078071455291 0.6662421827912346 0.07176655677516414 0.14704717783515192
10 0.25393682473986523 0.6752282348549534 0.05595275700966436 0.11450435116743253
10 0.26219564807721457 0.4419992172606174 0.06433824821249633 0.10974560694709204
10 0.26040634795207 0.3410446713829863 0.05113107953415726 0.1120725346779568
10 0.2738434705442038 0.1714896065299437 0.05352793310409602 0.11088459676884864
10 0.41516692757979423 0.08412602009040913 0.04990817870551194 0.10845977286328025
10 0.422113549208001 0.24514874947856446 0.052298039691543445 0.10606991187724887