12 0.35949766108973547 0.8031697086145199 0.07658823425067127 0.14947899432462763
6 0.14794521438345914 0.8068042495360681 0.08016603314581086 0.1446922797686576
2 0.27742505660265315 0.6558156584425918 0.0890270200543459 0.22166430477908633
5 0.4175691710233415 0.3244826651393949 0.07440815078186183 0.18792654761835131
4 0.3290604035332925 0.25048088557931164 0.05113107953415726 0.11207253467795687
4 0.3885474012243533 0.5614223407231113 0.05840555125086233 0.12293179787370899
4 0.5040377067227291 0.335998429867293 0.05231901744326555 0.1096756811080181
6 0.7635963493117052 0.5508271930055415 0.06818176529611719 0.1506319693141989
8 0.6718594121218864 0.41194254504333416 0.08052265492508817 0.20599035669173452
12 0.8627352274388608 0.24377040909365755 0.07168963835218278 0.13382602398899807
10 0.5917641061702988 0.3378918173958991 0.05355590343972567 0.11569228907654096
10 0.6696451670886894 0.1727808304873641 0.05235398036280259 0.1156852964926335
10 0.7639895367208182 0.07007194740412548 0.05232601002717274 0.1108776041849412
10 0.7748184255154924 0.6877764979356983 0.06437321113203336 0.11575522233170742