6 0.4080384779415388 0.052884615384615384 0.05651919796307626 0.10576923076923077
6 0.13814533118301156 0.7295673076923077 0.07858736822454454 0.14302884615384615
2 0.1942055291827994 0.35336538461538464 0.0841223138740547 0.20552884615384615
5 0.39466179791168005 0.27283653846153844 0.07418525951132765 0.1778846153846154
4 0.32792835895804273 0.1201923076923077 0.0468898277065029 0.1045673076923077
4 0.31370023894629495 0.20673076923076922 0.04816167898936996 0.11057692307692307
4 0.2887938255888136 0.38461538461538464 0.055443145656852405 0.11658653846153846
4 0.3668620409587443 0.49278846153846156 0.05298335693825101 0.11177884615384616
4 0.4774686194486731 0.28365384615384615 0.0565751405278315 0.11057692307692307
4 0.47903585332713317 0.04567307692307692 0.04913983180727208 0.09134615384615384
3 0.40376139793370697 0.11057692307692307 0.05208911796748175 0.13822115384615385
3 0.5580945230255269 0.3786057692307692 0.07379366155804098 0.14423076923076922
11 0.6386102256034983 0.2764423076923077 0.07535921130587298 0.17548076923076922
12 0.7987613774298604 0.04447115384615385 0.06593878360181768 0.0889423076923077
12 0.74258676810462 0.7403846153846154 0.07375170463447461 0.140625
8 0.8373322748249671 0.3449519230769231 0.0840803569504882 0.20192307692307693
7 0.849056965063919 0.4735576923076923 0.07977530566027888 0.14182692307692307
9 0.6338033753611201 0.17307692307692307 0.06413632001909 0.140625
9 0.8367991363291646 0.5973557692307693 0.08226306566125775 0.14903846153846154
10 0.5604432686799318 0.2800480769230769 0.05295538565587339 0.109375
10 0.7206643487122381 0.042067307692307696 0.0478400092420274 0.0829326923076923
10 0.7164983117686027 0.1935096153846154 0.051795419502516676 0.11298076923076923
10 0.7357536840204932 0.6045673076923077 0.0627525836067126 0.125
10 0.5467991773368577 0.7295673076923077 0.06511447283699226 0.12139423076923077