6 0.39316620005702596 0.07180614947281681 0.06222529219364038 0.13081471528432023
6 0.09407040752508682 0.784570867256911 0.08577535599335152 0.1516460208535942
2 0.16312571088241043 0.3913051617120769 0.09284954055171017 0.21663378558882626
5 0.3740384207789418 0.30959810189546827 0.08102490297021744 0.18759881493455474
4 0.30746335055407487 0.14968547702083723 0.051896382240082965 0.11021418581385661
4 0.2910942908042178 0.23959893169125743 0.05330816571058626 0.11624478084381841
4 0.2605501570647696 0.4254774157074061 0.061931487642628014 0.12240125374585877
4 0.3395374739731538 0.5399057804670779 0.05815783009699461 0.11753062250212719
4 0.4601571615302429 0.32312786712964103 0.06172162724904787 0.11639163836124339
4 0.46789529121983703 0.06709727209967918 0.05305633323828993 0.10903324238227995
3 0.3871680223394423 0.14025282592139293 0.0579212648305406 0.1451538736260115
3 0.5420100174583499 0.4243770373338519 0.07976574060873613 0.15154112262686242
11 0.6286782247717699 0.31885347901660066 0.0833448049666315 0.18523692807140135
12 0.8021558228406005 0.06932384427521342 0.06756335431879908 0.1116888442802831
12 0.7259041972781808 0.8064234684014332 0.08088371952822698 0.14915825611836253
8 0.8352945154334228 0.39461932192226157 0.09272362431556211 0.21302801635805702
7 0.8438147964633799 0.5294654826364568 0.08693530699155835 0.15046507742201776
9 0.6264460964715984 0.21057550386679166 0.07002443975720332 0.14776751623332185
9 0.8285064763484555 0.6578824350591083 0.08954901353898492 0.15651665209732604
10 0.5468215393048526 0.32103263236381363 0.058073885939562524 0.11512677634828104
10 0.7193070746903403 0.0654724025924646 0.05297238908085798 0.10662939622843379
10 0.712229060593171 0.23372065371634895 0.05699787909878751 0.11871156593370376
10 0.7224434410282125 0.6644496878070852 0.06827687965697174 0.1321215365879754
10 0.5207950719114952 0.7908167182779653 0.07055480957466984 0.1285577266478992