2 0.7922236759413266 0.3324918883121629 0.09014591489985882 0.20775172103755188
6 0.2556048738554541 0.07147457131664176 0.06157863181216701 0.12810312821328634
8 0.15032682465845956 0.31901394053272636 0.08669398772216647 0.22093091796013936
12 0.43680408620181593 0.35840021544335393 0.054423035915383784 0.13282690667384583
7 0.4415426923688783 0.45579794159768955 0.06663806566125775 0.14979368616265687
10 0.35176293033587047 0.5893504174827251 0.06145276104146779 0.11728582052097868
10 0.2604134082284605 0.1748819128555928 0.054227236938740514 0.11599998359692275
10 0.24927611491943835 0.35381460926405445 0.05786097745188737 0.11844578667433527
4 0.34189496211377335 0.4642525179944034 0.05780503488713206 0.11363809436664295
4 0.5966878267149629 0.362664151875311 0.0494055589898594 0.11474211795524443
4 0.550164993940625 0.702220985714612 0.05671499693971946 0.12323949334083896