5 0.39807176816580603 0.29900713496485076 0.07299732207559331 0.1807370675997329
2 0.18668546454979323 0.48764908814529934 0.08655413131027839 0.2098909472174146
6 0.15129655682322138 0.7392976074053954 0.08346498873818087 0.15094076630790618
4 0.2981714543039885 0.41209779459807716 0.05179541950251681 0.11415572217660251
4 0.3206880071488126 0.23348683232889983 0.055261332321397946 0.10222041661778852
4 0.33488815587818266 0.14965994271581226 0.049251716936782555 0.10208054126709407
4 0.4800279917862242 0.07489195113247903 0.04683388514174766 0.1008226680498932
4 0.48208051277972214 0.31178269756688076 0.05302531386181751 0.11658754340058763
4 0.3703279537776255 0.5135638892611648 0.061494717965034286 0.1215910611992522
3 0.556724772254338 0.40609320390870773 0.06652618053174728 0.14093373071057705
12 0.7962456461465037 0.07263400996362246 0.06375870770699248 0.1096277805702992
12 0.7388970850267179 0.7649966474725434 0.06893002668559343 0.140989680850855
8 0.7324852543088836 0.38613910261052414 0.07805675592468421 0.2024835832649039
9 0.4912220697253155 0.14608516337232946 0.05698072412230678 0.14671954553408123
9 0.8307056070974164 0.6240659315791139 0.07861533950692216 0.14722309679658133
7 0.5530613763281855 0.6176036903770304 0.06413632001909 0.14207970364722217
11 0.6360525373965753 0.304546198852351 0.0657997692552436 0.1817711402558227
10 0.5625953732923795 0.31485895034310946 0.05169752001419507 0.1057422606381411
10 0.7181206461465037 0.07081563040459463 0.05534524616853094 0.10943195507932696
10 0.7150446471502812 0.231845347642148 0.05172549129657256 0.10814610679198726
10 0.7355858563262276 0.6362789779612186 0.06143877540027905 0.1167833688915599
10 0.5454573978480466 0.7544830457955667 0.06505853027223701 0.11806921717889961