5 0.2077472290229378 0.2860576923076923 0.07368277472418833 0.15865384615384615
2 0.1980330294729985 0.3605769230769231 0.08268366633234951 0.19230769230769232
1 0.22966947615022557 0.20072115384615385 0.05753328359052796 0.12860576923076922
1 0.18250411463873892 0.49278846153846156 0.06487069992414495 0.13581730769230768
3 0.24792301511070486 0.11899038461538461 0.06095023601317952 0.11778846153846154
3 0.15643062750167508 0.609375 0.07914691932979696 0.12740384615384615
6 0.25392654720314284 0.05048076923076923 0.054646905593714316 0.10096153846153846
6 0.13729594343664633 0.7415865384615384 0.07680601211199004 0.1310096153846154
4 0.34052794767764366 0.046875 0.046086586537827864 0.09254807692307693
4 0.3331336757001648 0.12620192307692307 0.04380861825606011 0.09975961538461539
4 0.31962489011133854 0.21153846153846154 0.045010541332983184 0.09975961538461539
4 0.30729704795408896 0.2980769230769231 0.04625442370059915 0.10216346153846154
4 0.2935574862664522 0.39663461538461536 0.05338204358075197 0.09735576923076923
4 0.2772672209075443 0.5036057692307693 0.04998607080344685 0.109375
4 0.26207398039882734 0.6165865384615384 0.05354988074352326 0.10697115384615384
4 0.2454690203597233 0.7415865384615384 0.05833659340586919 0.10576923076923077
11 0.8246904214553652 0.265625 0.06916879745134598 0.17548076923076922
8 0.8387629276997306 0.3545673076923077 0.07433314372992711 0.19591346153846154
7 0.8496973002031252 0.4855769230769231 0.06134884927476136 0.140625
7 0.8224063698814204 0.18990384615384615 0.05643625874033704 0.1346153846153846
9 0.8153985445811686 0.109375 0.05863030844071915 0.12259615384615384
9 0.8520923332959796 0.6237980769230769 0.07326318181726012 0.1346153846153846
10 0.7490118506544532 0.7451923076923077 0.06078239885040823 0.10817307692307693
10 0.7428222315227118 0.6177884615384616 0.0667710345896771 0.10697115384615384
10 0.7422645941593502 0.5120192307692307 0.055869808315983635 0.10216346153846154
10 0.7309106287490272 0.4050480769230769 0.0535079214528305 0.1045673076923077
10 0.7327568375395117 0.29927884615384615 0.055869808315983635 0.10216346153846154
10 0.7246729670344154 0.21153846153846154 0.04617050511921351 0.09735576923076923
10 0.7262254607900503 0.12259615384615384 0.048490432691674155 0.09254807692307693
10 0.727568158092221 0.04567307692307692 0.04846945304632737 0.09134615384615384
12 0.8069160608144903 0.04447115384615385 0.054437109140250274 0.0889423076923077
12 0.8643125474576829 0.75 0.0734519986253779 0.14543269230769232