2 0.24029296120016272 0.5831878015752125 0.09620347731018314 0.20948518606332692
6 0.11249226959321953 0.7343661869390083 0.07727795029745789 0.14909531718232324
12 0.3247022843911378 0.71144300012727 0.07483213206489563 0.14785143481470742
9 0.47873930378501856 0.08413523913916435 0.058005208987972554 0.14755771977985768
5 0.38023119168426356 0.25642374875391527 0.07982297989329436 0.18757783528920824
4 0.29844701270774654 0.19058463162047204 0.051854410161366986 0.10901226273693357
4 0.27026475304342845 0.37846226523670745 0.06155373893418362 0.11158394605355107
4 0.34834395142590197 0.4816029570454589 0.058073885939562524 0.11512677634828104
4 0.4652739255947897 0.26334765547278133 0.05567003978571637 0.11508481705758815
3 0.5436469285282755 0.35807488574307117 0.07110044659797833 0.14418272664789894
10 0.5507363802924762 0.2582523314224166 0.055376235234704134 0.10667135551912661
11 0.6304410520778437 0.2460503671372455 0.07965509157843005 0.18277014298151592
8 0.7288003216589876 0.31880730769737736 0.08289837930659708 0.20685056381067035
12 0.7945818028764597 0.024583717691176517 0.06588447117015733 0.049167435382353034
10 0.7165827191126078 0.02159684799812654 0.05120956177478429 0.04319369599625308
10 0.7103441465897598 0.15937113137353645 0.05794796970341446 0.11152100711751174
10 0.730509688269914 0.5794357985815674 0.06545331271596502 0.12006034652805174