2 0.7265089805957261 0.587538691181543 0.08998040010459417 0.20051221129363578
6 0.8397664857107365 0.7292109301400753 0.07301259673792734 0.14263809026587365
12 0.638263034839743 0.7135316717059481 0.07058077551394248 0.14140819590657308
9 0.525992696691987 0.11644247172308023 0.053753852437019405 0.14121239692992976
5 0.6099564468386216 0.27768113530091293 0.0750817469891561 0.1799116912916779
4 0.6919679717098289 0.21304217426434 0.04807893295502142 0.10389683898055911
4 0.7094063265736108 0.3930788942614031 0.05777824278082268 0.10761449334083882
4 0.6289593957520829 0.49374757632329075 0.054228423690331394 0.10997638257111848
4 0.5292317751938032 0.2870316347990243 0.0518245775364851 0.109948411288741
3 0.44775077171618555 0.38050276404056227 0.06689108107275661 0.13776046975223735
10 0.44638300809652753 0.2843908748102825 0.05165672711565182 0.10273687282720254
11 0.37091362988162374 0.2744546625128695 0.07496984670860048 0.1751039989839856
8 0.27308127951944416 0.3476888984233584 0.07670329611816253 0.1979545230867128
12 0.22727435687996791 0.045424200242990126 0.06345215732377142 0.09084840048598025
10 0.30187751285961534 0.04164339998103234 0.04888920505000012 0.08328679996206469
10 0.29947065188862165 0.19477894047154037 0.054144498479914614 0.10637061334034932
10 0.25644515723824735 0.5978147691940576 0.06155186243242534 0.11486798872594364