6 0.6421523690999731 0.7591456431113208 0.07413544000947343 0.1419047583661313
6 0.8476252745825601 0.7651735083724684 0.07775519440805731 0.14437154345601672
2 0.7210535459136943 0.6243685046253423 0.09254887827822628 0.20832522227709688
5 0.5930918957575552 0.30932661401506284 0.06353490241829499 0.1789755569426289
4 0.6788409966696302 0.23692359765700582 0.05115904986978684 0.11746768356608793
4 0.6230202973990568 0.5359446047745176 0.05719663559003179 0.12238027410051225
4 0.5088803619499583 0.3240163430354658 0.04871324821249633 0.11021418581385657
3 0.2624923224094856 0.5338250368399806 0.07416341034510286 0.1467124506738236
8 0.25604297559385353 0.4029412993274438 0.07329013871182746 0.20318185564386185
10 0.24971089999434842 0.6650444486780602 0.05955153365652626 0.11400877185274375
12 0.17165043595981383 0.2421712387624239 0.06559611196067862 0.12012328546409101
10 0.26756034303205045 0.07585038524159553 0.051089124030712904 0.10544845279685713
10 0.3535603756096423 0.16688792769973054 0.05231202485935809 0.10907520167297277
10 0.42952546853740575 0.3302086919360215 0.05113107953415726 0.11265999125839563