6 0.3422751006218132 0.7912583495802714 0.07862932514811104 0.14932082842244215
6 0.12724275498209284 0.8083867362858279 0.08226306566125782 0.15185059081243624
2 0.2589219970131427 0.6546893740098855 0.09746933849090776 0.21966194806472134
5 0.3908792677373406 0.31821575988420336 0.06705763489692192 0.18736264609682018
4 0.3010838359325159 0.2480043860168829 0.05309524206776149 0.12319903015402058
4 0.36119650161580064 0.5573297752403058 0.06156464617097827 0.12830052701272526
4 0.47878748004699084 0.3295748750610092 0.05180940514370555 0.11594551961376613
3 0.7360986021274791 0.5358210251424389 0.07748334463594321 0.1540865486514185
8 0.742917700570417 0.3985079898221958 0.07818262669538328 0.2141827024975722
10 0.7509001334279677 0.67117663996887 0.0626686697595796 0.11992903755297982
12 0.8298880328551033 0.22593090215105474 0.06995013642706219 0.12619048540989133
10 0.7281284707804889 0.057539584684486327 0.054157308732796464 0.1112217714635059
10 0.6403050143832856 0.15679936466331965 0.05540118873328591 0.11486951277299119
10 0.5617901005606272 0.3326884170142176 0.054241222579929464 0.11843330992504437