3 0.4471993797222164 0.3835339381751861 0.06981457936362317 0.1410025995309995
4 0.5136561418391564 0.04985384074455165 0.05135074521677433 0.09402970335629594
6 0.8705968631724252 0.7392907864869009 0.0916590551418187 0.14713808142594823
2 0.8255151739407837 0.4806675474312175 0.09860732346402902 0.20846412868465458
5 0.6045215570241809 0.27749979057262364 0.07269538558918799 0.18908651519182998
4 0.7107982822768146 0.39588262174321404 0.05550215147085206 0.1096756811080181
4 0.6828258830060767 0.21426637061749626 0.050652487084443774 0.10844578769546545
4 0.5196467114285188 0.29022447096135223 0.055418207313420106 0.10727183495417195
4 0.6374848041233173 0.4988004809885252 0.05803191386084668 0.11329543550660212
12 0.6631945406821995 0.7188572928240593 0.08088371952822698 0.14827707124770456
12 0.193944603377618 0.04799381342518372 0.06457189906292832 0.0941066217792773
11 0.3594131934893052 0.2784771496093606 0.06763586080919942 0.181847006394662
8 0.26611344868815007 0.35964851212753796 0.08281443514916512 0.2035655327861661
7 0.45222459150110983 0.596260337622756 0.06890646083771247 0.14940906848555358
9 0.505105326397515 0.11469475364323123 0.06011525059080647 0.13854281270589416
9 0.36190864287820435 0.4875837946583464 0.07242828591104947 0.14702620008342968
10 0.43534420772903937 0.2849272977801421 0.054258256315213006 0.10846676544718757
10 0.26953984098762374 0.044828576980580584 0.05831045120601667 0.08686012039820186
10 0.27967798729225346 0.19750077808544095 0.05202229847623116 0.11326047258706516
10 0.2663462353651933 0.6071957178863401 0.06433533379647417 0.12174385996460056