3 0.43770433691583577 0.40920477647048137 0.067316505368684 0.13935405469486023
4 0.520501714535909 0.07400901223419042 0.04874218843583095 0.10778936001466405
6 0.8366892963337986 0.7636306861829925 0.08785409590310832 0.14572032405036486
2 0.8038773657626233 0.5081726248695614 0.09252982704654482 0.2070813399094809
5 0.5982043918601664 0.30620485888697746 0.06813471153719405 0.1862290546948603
4 0.6959289816461796 0.4245327079122684 0.052368937311946695 0.1090542220276264
4 0.6774203334181801 0.24506853583449442 0.04751928571356136 0.10656645729239458
4 0.5126370772998173 0.31793645791353575 0.05230599837590743 0.10544845279685716
4 0.6184455375909267 0.5241725287169826 0.0548147427564856 0.1115000274721653
12 0.6326770679370717 0.7420353003202558 0.07825969093307023 0.14675440996451636
12 0.20570276660879486 0.06250272976881421 0.06335408216702568 0.11885842345112872
11 0.35657589410793517 0.3043917963261941 0.06320114135742336 0.17893359765193614
8 0.2602183347928022 0.3832632504976735 0.07800185189673574 0.2008199687807086
7 0.4304481093947903 0.6182764529190575 0.06505951673226261 0.1477255569426289
9 0.5084466077681628 0.14473365696453422 0.05645723838568341 0.13676139173289636
9 0.34818068244600586 0.5098367238986546 0.0686443063176856 0.14658657280174509
10 0.43099022665043385 0.31170214972228727 0.05232697802125381 0.10665037587378023
10 0.2802639566687185 0.06139962162644581 0.05232697802125381 0.10665037587378022
10 0.2810374737777216 0.22372217594710045 0.05002803009413967 0.11261803196770273
10 0.24754600524901837 0.6271067775956332 0.060971215658525896 0.12001838723735886