2 0.8273812755973349 0.3064656197003527 0.09166357829516432 0.2252700740098554
1 0.6444913380359178 0.15637827057578144 0.0651434353136484 0.1518059220554924
6 0.6117727628616687 0.0720618480095737 0.0612859103387221 0.13736186738069328
6 0.5412308516472653 0.16178652374436056 0.06489167956949132 0.13738284513241547
4 0.7392571740735374 0.3528231684912052 0.05378065684233381 0.1204929888003258
4 0.8076402878315252 0.8279324130711905 0.0695525143597586 0.1289973539295835
4 0.6599749400561213 0.5614752955862101 0.061201991757336587 0.13255417507300093
4 0.5926341015187279 0.6968870334118887 0.06849744880026055 0.13740382288413772
4 0.4489135508229989 0.17446924862964475 0.05363379932490904 0.11207952726186426
3 0.47551761238590057 0.2527410928917001 0.07349395791607066 0.148249100912075
3 0.2749068163041072 0.6710025297218741 0.08934973401488122 0.16156115834902487
8 0.1816007423797451 0.4204850785127266 0.09037773663685553 0.2204553891182558
7 0.19965392170230084 0.14657947606850563 0.07960847152741807 0.15429367921622733
7 0.3886462062907106 0.4397166490986452 0.07612858016872738 0.16148423992604363
12 0.2118470729264804 0.08776216372225623 0.07222909590310832 0.14463633909739834
11 0.3702640596893385 0.14396665375258694 0.07911985639227317 0.19515207124770453
9 0.2656568987206033 0.8295864500366462 0.08721862325053838 0.17717217318120995
10 0.2960175643096112 0.15915811355032825 0.05983223151764209 0.12293179787370899
10 0.2812405631844594 0.34535130171479417 0.06445110701721667 0.11214246051703086
10 0.28428869505186705 0.4511275250679324 0.07307436500914231 0.12421063937361346
10 0.3901296778181287 0.5935558103608917 0.06967839223183726 0.13620889239112197