2 0.8061205727101667 0.26715584194294206 0.09297338124505654 0.22216081231944004
1 0.6239693257809612 0.12259110145426962 0.06563465324708663 0.14975172923909053
6 0.591822905475299 0.054126179705491266 0.0610146847147344 0.10825235941098253
6 0.5219807261910484 0.1297894963399333 0.06521498457056953 0.13532865231601357
4 0.7197091389037527 0.3138498706728017 0.05390806342232515 0.11837585846839128
4 0.792207629270078 0.7807126511776272 0.06977787015029335 0.12697113334230728
4 0.6439586483133516 0.5203297404274865 0.06146932578096116 0.1304790030847549
4 0.5793309681865189 0.6545403835137098 0.07002267687826183 0.13538459488076882
4 0.43218621931891515 0.14285765019832436 0.05369822908406673 0.11116432000685285
3 0.45969980926543386 0.22068895173335948 0.07390822522670905 0.14504193641971985
3 0.26613152039232385 0.6341381886843371 0.08995289390322601 0.1596468266782513
8 0.17245869135307235 0.38995284715762335 0.09163156860929433 0.21733913437055888
7 0.18625949144270268 0.12047033638545569 0.08012767494958292 0.15232340308720232
7 0.37490635412179557 0.40563210559175056 0.07669676766736253 0.1582910615482514
12 0.19910881082884063 0.06756558460437113 0.07369839088845048 0.13513116920874227
11 0.3544238050428042 0.11490657738825392 0.08007984073308176 0.19197287898447507
9 0.2586587002853612 0.7905280450962251 0.08680176573868369 0.17522986975468496
10 0.2815261660270135 0.1301827784238479 0.0599876235863601 0.12084963282818148
10 0.27005001857568295 0.3142728081697219 0.06448056438666463 0.11008826770062896
10 0.27429453955735467 0.4188261302208408 0.07327872221193338 0.1234073210351044
10 0.37931287522522467 0.5570744132840583 0.06998770448855204 0.13418267180384574