5 0.2021714502032192 0.38581167204684524 0.0790069374602087 0.18132477140296274
2 0.2262247394481836 0.28057988895005226 0.07907686566615268 0.18733438678757813
3 0.23054377637958184 0.21917689485784606 0.06874821335013911 0.12575653074682322
3 0.17651065428685647 0.5259341967641172 0.0795655210424468 0.126071282254211
1 0.25444322357146937 0.12716626560720684 0.05329104104440469 0.1397249666036733
1 0.16794250863000404 0.6427305695639144 0.06888806976202713 0.13777576151605386
6 0.2757290399916787 0.05767843458811731 0.05671499693971953 0.11535686917623462
6 0.13994779476573915 0.7769134236759903 0.0796634205307684 0.13448474379267267
4 0.2469049629707042 0.7750028040687453 0.06262671283601325 0.11596628418288983
4 0.2714197783748991 0.6301075594334906 0.0650305589898594 0.11603622896230913
4 0.29789089941489844 0.5236039084803552 0.05772112103999934 0.10741293308558916
4 0.3016513527640585 0.40694742523939714 0.05407339488566375 0.10370224668569086
4 0.3134756266219601 0.32009421219354783 0.050453640013705635 0.10239540643963843
4 0.3216242030431484 0.23935553170144314 0.049265702577971436 0.10356235712685173
4 0.3407299435685325 0.1462828689327199 0.04441605334671277 0.0998166983372435
4 0.3465446020418187 0.059604517835419354 0.04445801027027913 0.10342246756801271
11 0.834160060471051 0.28331655206460865 0.06814767284433451 0.17740425066480575
8 0.8500079886647577 0.3669615539932875 0.07684084720657197 0.20168751893123563
9 0.8411346850976937 0.20020899780836757 0.06747636206727191 0.11971194297249806
9 0.8495596060814019 0.5087535046805007 0.07008999283895015 0.13781073390576365
7 0.827830459469721 0.10447482033103847 0.056896810275174056 0.13982988377280256
7 0.8649599937570671 0.6308600450707181 0.07017390668608287 0.14502227236730209
12 0.8177543907604201 0.05159504532395224 0.05671499693971946 0.10319009064790448
12 0.8752869619424526 0.7759430134813129 0.0749536277113977 0.14275831577229509
10 0.7468129579395808 0.04835005527173973 0.04684787078293668 0.09670011054347946
10 0.739838333312938 0.12866242016446597 0.04807776514223697 0.10472930781406503
10 0.7520525209934981 0.21481618541612016 0.04809175078342612 0.1059312308909881
10 0.7474677568795125 0.29905571796986485 0.05284350052636291 0.10126342814213486
10 0.7486688378911215 0.40235115780583 0.05412933745041871 0.10850993899338303
10 0.7545517404397236 0.5163240157752637 0.054157308732796464 0.11091378514722933
10 0.7615246809357383 0.6398772859703724 0.05780503488713206 0.11462447154712763
10 0.7659259475836413 0.7779235778679775 0.06740643386132807 0.11370232758788254