5 0.211176030985259 0.40952765167866184 0.08309297249433524 0.17936890534551908
2 0.23040297067721777 0.30695973655888203 0.08210090981099238 0.18533654865141835
3 0.23191013597218485 0.24698949894887628 0.07158884433672867 0.12494659025425221
3 0.1919643584991424 0.5469093639504948 0.08240615202903637 0.1253243389626966
1 0.2515987685300201 0.15764273767525033 0.056467509281321195 0.13882403015402064
1 0.18882411167306012 0.663244069939737 0.07080664204696603 0.13692384894476708
6 0.26818529680167863 0.08259313708855319 0.058493606726722956 0.12809066661914503
6 0.16699873263951714 0.7945322226695226 0.0814980335031256 0.13369582842244215
4 0.27280993548746396 0.7994276886734575 0.06404152924546186 0.11507937316657127
4 0.2906517965817933 0.6571963120152161 0.06768927055494714 0.11640721247964254
4 0.31219863827016614 0.5523084948990221 0.058940032386757255 0.10649802331324569
4 0.31181706002291126 0.438251718827478 0.05641026999676303 0.10280830992504437
4 0.31841045497074083 0.3520490339187448 0.052762528687277696 0.1014804706119731
4 0.3228518362370204 0.27297394331411795 0.05160257768907073 0.1026404216101802
4 0.3376488323297313 0.1810554475717817 0.04666896914523022 0.0988667640645468
4 0.33947650704858456 0.09588679742510742 0.04679488538137842 0.10247253329531603
11 0.8332799575538521 0.3484204403033119 0.07094782548895641 0.17534341532758943
8 0.8530449261408981 0.4331426647899518 0.08024270068045479 0.20087760449398628
9 0.8364354715857765 0.26689953146612283 0.0689751377893023 0.11885303071220481
9 0.8591575824275982 0.5738096368686679 0.07321048820081225 0.13700779310219902
7 0.8186966004441322 0.17144394344460723 0.06007327851209036 0.13894994639016878
7 0.8801817133761255 0.6945895536630002 0.07346232067310865 0.14421933156373748
12 0.8056547725798743 0.10736427165923977 0.05952764148878186 0.12332494639016876
12 0.8960776425930744 0.8403999946791368 0.07698414574644538 0.14194140164603952
10 0.7348672272775608 0.10849368824576246 0.049156759456508325 0.101354554375825
10 0.7316697411669204 0.1888126740060284 0.049240703613940826 0.1037584005296712
10 0.7479128846806293 0.27581282841036636 0.0492826756926568 0.10496032360659427
10 0.7484051119581902 0.3586615765606266 0.05512440276240774 0.10036249169248225
10 0.7531746617259768 0.46086701017780424 0.056620130390343186 0.10881792530965975
10 0.7655754707424622 0.5753435070365088 0.05666210246905916 0.11001984838658284
10 0.7782281122312443 0.6970315423567519 0.05919186485905351 0.11370956177478429
10 0.7890645166682047 0.8354625565964859 0.06876527739572215 0.11284341532758956