7 0.4152121805018242 0.3788742770575224 0.08139954280592548 0.15608438678757813
12 0.4039309830071627 0.2805613914777984 0.06786363745238387 0.14488238280846316
9 0.43168215350032063 0.6141714210167675 0.08192412865157195 0.17411323294142442
8 0.11191150953135617 0.2493612482490975 0.09562203412687083 0.23215526453082952
11 0.30066487991544494 0.08516528960365419 0.08209899060012066 0.17033057920730837
10 0.22412649927917533 0.09572854183186667 0.06359339281712934 0.12194092717779544
10 0.2139222196841873 0.2824812598211704 0.06592729419155599 0.11960702580336878
10 0.32565886726699467 0.5258328926856526 0.060197457924618655 0.12904754847020455
6 0.22096612237850594 0.03205797805398885 0.05731686014162726 0.0641159561079777
3 0.31269899506626503 0.3698276994136208 0.07216885447734821 0.169025761516054
2 0.7679516751930977 0.22305478500603296 0.10128192561438873 0.2203108957101476
4 0.4029795023036703 0.4959154565852877 0.06355842042741955 0.12073900410087236
4 0.5710332630891801 0.27690215238506555 0.06249638690933546 0.12551172401885488
4 0.5306944868742398 0.6269286850605676 0.06751391355528633 0.1328631520392322