6 0.11486125220343137 0.7651474139295404 0.07976132001909003 0.14244337955902772
2 0.23438393324930457 0.6133673955174678 0.08781199695195671 0.2147266145952459
5 0.36430603688244945 0.2907184746913459 0.06693176412622256 0.1757894999413462
4 0.28218451176370773 0.22293721606939076 0.05055153950202724 0.11052197787569444
4 0.2607999537898627 0.40848097103776687 0.05535923180971954 0.11063387815625006
4 0.34012603480147174 0.5099720259538458 0.057763077963565695 0.11068982829652786
4 0.4508025414973445 0.292310038872115 0.054129337450418986 0.10820205693226506
3 0.5302684789208416 0.3817818630189632 0.061732473865243845 0.14202375350694452
7 0.5300989670959478 0.6028797590325315 0.06543614258433468 0.1505211402558227
11 0.6156478163712605 0.2728524542630871 0.07062144720412479 0.18308496361330137
8 0.7096906727709114 0.3487674237221148 0.07686881848894973 0.20365753127168815
9 0.618022007112101 0.4818751693671469 0.06423421950741161 0.15049316518568384
10 0.5349511425231488 0.2891498608854696 0.0493076595015378 0.10688823357478637
10 0.6899301333055956 0.1882132826769225 0.04934961642510416 0.1104940028055556
10 0.7163411014542697 0.603351315468696 0.06026482360573372 0.11915923997526721
10 0.6917482666601402 0.040327828648450574 0.05400346667971963 0.08065565729690115
12 0.7710891753782522 0.038244690862152465 0.06118703385888033 0.07648938172430493
12 0.3182519793860186 0.7375830886145297 0.07268963796943964 0.1542947599074252