6 0.8348748681926276 0.772546665348136 0.0788823367718484 0.1384615486514185
2 0.7251951572382473 0.6267743668719048 0.08648653115438056 0.20718102442961403
5 0.6121364924313567 0.31608677438491595 0.06638853474930564 0.16924985578554194
4 0.6930300194360576 0.25154923927248246 0.04930883110208347 0.10620421876223339
4 0.706918555209348 0.43006343583783857 0.05411652340977578 0.10637210707709763
4 0.627701522534882 0.5259349151077041 0.056548344633760905 0.10765797431145266
4 0.5279459269064635 0.31555257502863915 0.054060573269497834 0.10396826092325134
3 0.4489526947931086 0.40180866968312007 0.06082551554786328 0.1366300443937547
7 0.44162523629481787 0.6132631870641495 0.06462711026960477 0.14516942216836443
11 0.3720316277481301 0.29567312787247657 0.06896023132398522 0.17654533840451242
8 0.2789510195533651 0.3670024806592881 0.07661937090774587 0.19602794010757799
9 0.3613501756503201 0.49618442132505025 0.0634251871926817 0.1451274500896482
10 0.44864697889967925 0.3115804947564572 0.04922490589166683 0.10259844953146409
10 0.3029645208388353 0.213869852151307 0.04810690802516033 0.10616224668351734
10 0.26362872062964693 0.6118590117218674 0.05912004120844028 0.1149534569304232
10 0.3065453298166132 0.06002369830515315 0.04914098068125012 0.09899268030069491
12 0.23082417597045934 0.05737945734604244 0.06239010959754287 0.10065629624349445
12 0.6406668809935891 0.7441125732115217 0.07192257394155988 0.1490270238714298