8 0.15129880369824597 0.2818357127993017 0.08797389048300941 0.22093091796013936
10 0.26781023663939035 0.1470936153479038 0.06324918394029352 0.11249211385447512
10 0.24908024912812093 0.3251600440679736 0.06704376997918055 0.1233513784703493
12 0.43314231706012296 0.31340485635070203 0.06621948051849294 0.14497200821377582
7 0.43850764673117687 0.41909017327279996 0.07121598963430305 0.1558452584708386
10 0.34483275225157095 0.5535665435416106 0.06946859577837308 0.12458127282965001
11 0.7844185502018578 0.2912922029697252 0.0826417070416569 0.1908268984723072
2 0.7016327154115902 0.2838437506732911 0.08902895604250734 0.21253144206286656
6 0.26463895666871845 0.05482980024054269 0.06565303009413967 0.10965960048108538
4 0.33739925075221355 0.42867842867112105 0.059853211162988466 0.12446938770013952
4 0.5364751792003554 0.6582860091563671 0.06826667270145001 0.12456728718846112
4 0.5916283260511979 0.3211741363291646 0.0574283853637958 0.12323949334083882