6 0.4143348100948139 0.053091682069265324 0.051138072118064586 0.10618336413853065
6 0.15679920870808678 0.7291598813697342 0.0765812416667638 0.14915825611836253
2 0.20824575587322636 0.3557035620643773 0.07690989311041149 0.20564864073374728
5 0.40337684936920876 0.2801894749028734 0.06717563456860112 0.1850481112632836
4 0.30177898577209705 0.3913267651119723 0.05474384134883382 0.11392485327135796
4 0.3256644118197452 0.21063969031192886 0.04748335479994367 0.10538551386081789
4 0.3393890317072318 0.12387045267465677 0.04624646880348356 0.09935491883085609
4 0.48647117246192056 0.04884603365543043 0.04869227046077421 0.09769206731086086
4 0.37689178481830726 0.49457235514745584 0.04751831771948071 0.11139512924543328
4 0.4874695092503797 0.2859324381901628 0.04988720095378969 0.10542747315151078
3 0.41636804930156784 0.11291237075710156 0.04403142241513709 0.13176488261708633
3 0.5614503110587409 0.37717977710176204 0.07054365594651885 0.1442456655839382
7 0.5626164698609775 0.5898782024264537 0.06936271062131802 0.1478304551693612
8 0.8392763490095638 0.34108347902674 0.08173157058591858 0.20813640546897907
11 0.642559541676901 0.27601452547893673 0.06711969389734197 0.175432726647899
9 0.6431609038929373 0.1726491408635521 0.05728753918082784 0.13800527410051225
9 0.8462773085987311 0.5837250830477766 0.08505064387648449 0.1589204982511722
12 0.7540920446836895 0.7295503053248734 0.07413544000947343 0.1419047583661313
12 0.8062036886751813 0.04249717579561739 0.05946762264963741 0.08499435159123478
10 0.7452458442981185 0.5975066040261063 0.05354891085581834 0.11510579670293453
10 0.7268767655982582 0.04316327953536607 0.05345800726502203 0.08632655907073214
10 0.7211530447986968 0.19412200237757357 0.059523563320896554 0.1092010795450513
10 0.5704371644776091 0.27847522727664475 0.05113107953415726 0.11265999125839563
10 0.5570046304039343 0.7281832748539934 0.06563107488021558 0.12613290084870626