6 0.40710928646546063 0.05226264233209599 0.055973734761386465 0.10452528466419198
6 0.14714886117316517 0.7326922873125479 0.0765812416667638 0.15048077942064927
2 0.19860939350611956 0.35597143208519005 0.07811880877124203 0.20821505919167294
5 0.3961443331559481 0.2769726265603744 0.06718262715250845 0.18740461817553625
4 0.2933445464819133 0.38991525325123805 0.05475083393274128 0.1160714358499142
4 0.3172299725295615 0.2088293222171717 0.048692270460774074 0.10744811391787251
4 0.33096158500095546 0.1206272447359106 0.04624646880348356 0.10015263129890196
4 0.4792526414164748 0.046132829544848326 0.048706255628588865 0.09226565908969665
4 0.36845035294421613 0.4930402430613582 0.04752531030338803 0.11341575722377192
4 0.47903506996019607 0.2812880915905059 0.04989419353769729 0.10749008599658848
3 0.4079406025952915 0.10832564708269923 0.045240338075967626 0.13376450537403206
3 0.5542108022615728 0.3723938506313952 0.07175257160734926 0.14670712187501586
7 0.5553769610638094 0.5850502910893477 0.06936271062131802 0.1490270238714298
8 0.8332387632893189 0.3314063283692732 0.0817385631698259 0.2107448215816673
11 0.6353270254636404 0.26862018289588185 0.0671266864812493 0.17778923356015155
9 0.6359283876796766 0.16525479828049724 0.05729453176473543 0.14019384154580788
9 0.8402397228784861 0.5739009853567225 0.08505064387648449 0.160389968587046
12 0.7480474663795369 0.722523555646834 0.07413544000947343 0.14318529680167857
12 0.7989851576297355 0.03704970404163549 0.060683530894375136 0.07409940808327098
10 0.7379993429170432 0.59068976589374 0.05354891085581834 0.11602946377119822
10 0.7196582345528124 0.03837182452119084 0.05347199243283667 0.07674364904238168
10 0.7151224516623592 0.18532117954677688 0.060725486397819634 0.11027168085887909
10 0.5620027251874253 0.27238240277448356 0.05233300261108034 0.11358364553863602
10 0.5497581290228589 0.7246412563272889 0.0656380674641229 0.12846841532758957