6 0.4172341531740918 0.05420647825448753 0.054926795504754336 0.08897128770149577
6 0.13683731120170878 0.7343500397470086 0.08170580897777792 0.15566453340518158
2 0.19752797609412365 0.3485337369937502 0.0842785104915066 0.21458673924455132
5 0.4024154055128737 0.2775403700010687 0.07295765153669884 0.19270034822868592
4 0.2939885430804484 0.38926125613653867 0.059231941488995826 0.1191032898349894
4 0.32239111556057676 0.2023207575393165 0.0518245775364851 0.11052197787569451
4 0.33891232274407046 0.11251222761175242 0.04925288096180566 0.10325448927387824
4 0.4918652842238782 0.0511332402954064 0.05112520078301285 0.08047390095261757
4 0.3695957867679483 0.49925271261864346 0.05196445288717955 0.11653159326030996
4 0.488758041560363 0.28796803658953035 0.05302650061340818 0.11054995294583342
3 0.41846304638210463 0.10474319762553455 0.04886223491891032 0.1380822834345086
3 0.5646450359492519 0.38594026230240436 0.07678621638953012 0.15074494081693393
7 0.5619014691975422 0.6071500585965283 0.07443832037596164 0.15309283683050212
8 0.8526599782276172 0.36017438098867594 0.08791225479241459 0.21587258753189104
11 0.6500115593590275 0.28330323444968003 0.07273385097558788 0.18308496361330132
9 0.6525013406013886 0.1763320806035262 0.06102134103883554 0.14437164952051285
9 0.8564285731839738 0.6116001046267101 0.09154499415427363 0.16550371858167742
12 0.7579797663396897 0.7596304587011224 0.07910613733295964 0.14719512172644236
12 0.8236520035949251 0.056450513499893856 0.06423445434861136 0.07597393441645303
10 0.7503516166432154 0.6223594523006416 0.058057993482211585 0.12027723784177351
10 0.7407472863573717 0.05331831058338738 0.05696696574679495 0.07340223784177355
10 0.7336726084293802 0.20227284691143227 0.06389975844599369 0.1132055747309295
10 0.574234455372596 0.28394465118477613 0.055570222117948785 0.11661551847072654
10 0.5537647435433221 0.7500670044698189 0.07032899988269242 0.1313742962354701