1 0.2802496840700984 0.6115576020907674 0.06267665022376298 0.14853582052097855
6 0.41230765796748564 0.0709168297997177 0.05723956855567813 0.11242218564853111
6 0.14954595030468767 0.7302534461758731 0.06845548950956773 0.13538459488076882
2 0.20395872627622816 0.36783210259265603 0.08276758491373516 0.19803843693384565
5 0.39760911588609105 0.2931467282597877 0.06056651910476664 0.16533477231552413
1 0.4636911757026997 0.5018905877564306 0.055255315308760336 0.13643267590461505
4 0.32053309815341186 0.23214150773636164 0.04737242819613659 0.09788722359594373
4 0.33159607829769916 0.14932070055817975 0.04129987387548194 0.09421152615923052
4 0.29587741383891264 0.4049666892718862 0.048763168081177394 0.1087185169294403
4 0.28325585664681324 0.5082062031165716 0.052243059439868164 0.1015489353914682
4 0.3427828302997996 0.7481301344072704 0.053696738260948305 0.11598599795573414
4 0.3738947858433664 0.6186580974881095 0.053465962162137476 0.10276484410958002
4 0.4791300886633962 0.30611698262985715 0.047393407841482965 0.0990891466728668
4 0.4795733909844851 0.07410387186013687 0.04387155719209938 0.10385488205699274
3 0.4099938136872026 0.13460476723545198 0.056352340158951256 0.13043704616118848
3 0.5531938505271832 0.40195000110167484 0.06723258678729821 0.13416868616265687
11 0.8076746815703244 0.285896601135939 0.07277456668211521 0.1762919364197198
8 0.8217891471053826 0.37261687600985494 0.07671601023842702 0.1955646625740554
12 0.7347566108941478 0.7442759918963588 0.06611458229176091 0.1389623928291603
12 0.7923461263739886 0.062115138569225806 0.061942362636638285 0.10646851282867095
7 0.6372351105148724 0.06391676008663937 0.047624183940293656 0.11231030051902069
7 0.8340723002031252 0.4953808575502745 0.06489167956949132 0.13774648411104862
9 0.632355666210149 0.20571571188118482 0.057701120753299376 0.13886449334083883
9 0.8236028334207148 0.6130714196004143 0.07100619318083873 0.14382602770160796
10 0.5584360320949728 0.30824195802524124 0.043850577546753 0.10265295898006968
10 0.5685008023236239 0.1448643334108356 0.04990215222206128 0.10512673333985981
10 0.7153601105148724 0.0648258267639116 0.04865826985444517 0.10270890154482488
10 0.7148687656109132 0.23071918266167385 0.049818233640675495 0.1003190410321675
10 0.7200723414113732 0.4147113129192262 0.0569878128115212 0.09799910872545421
10 0.7266815534500429 0.5181745970229324 0.0487002291451382 0.10511274769867093
10 0.7248563243049048 0.6227419047152402 0.05603764547875519 0.11240820000734239
10 0.5388431493556861 0.741996332382584 0.05728152784637102 0.11482603180237742