1 0.7139295173534038 0.6353558006466352 0.06518539460434115 0.15530085749337602
6 0.5779300998997049 0.07112034135897484 0.05968537400021718 0.11552549567435902
6 0.8507058054394693 0.7622870854252677 0.07094325424479947 0.1410176559209934
2 0.7948603302921952 0.3849381844726502 0.08529730893965984 0.20622922784636757
5 0.5939564429301011 0.30096739975267145 0.06307526348534481 0.17207183043002144
1 0.5243944917548016 0.51440515124343 0.05654115696706906 0.14188387815624992
4 0.6733943475259335 0.24034172945197707 0.049839213286022005 0.10208054126709407
4 0.6610665053686839 0.15355149228226553 0.042564735888444276 0.09830692161549148
4 0.6993778327894342 0.42116171732307744 0.05122995317106289 0.11292582402954074
4 0.7120623289175729 0.5283846468004814 0.0535079214528305 0.10577023570827994
4 0.6502783666281652 0.7744421717889961 0.05616352335083373 0.12024926277163453
4 0.6178805694262899 0.6391274104201394 0.05475180382044634 0.10820205693226506
4 0.5076277778451036 0.31097242547190207 0.04865826985444531 0.10325448927387817
4 0.5082395410835129 0.07069971036784231 0.04513641920506172 0.10797825637115387
3 0.5802649238253343 0.13605216258295988 0.05884010489418319 0.1359302129119124
3 0.43122310876350955 0.4077117382205666 0.06972035152253014 0.13978775777393165
11 0.16826587724586758 0.27904499415427364 0.07528331106269331 0.183168888823718
8 0.15299144792457925 0.36759565086463686 0.07924573426435164 0.20368550634182697
12 0.24388150911074039 0.7565731365435899 0.06860234702699265 0.14456747501148526
12 0.18355247315151071 0.053531056814957415 0.06419935127305966 0.09881047287799151
7 0.34587502747216536 0.06091346051447678 0.05232697802125381 0.10694418371506415
7 0.13959029033129927 0.4946358211066774 0.06737944430472316 0.1433375768644232
9 0.34953156905461896 0.20156643558461568 0.06018888548853104 0.14437164952051285
9 0.15254752184894133 0.6174837505840813 0.07351493756141704 0.15068899067665598
10 0.42591798825968075 0.31027204377938067 0.046338342281984794 0.10800623144129282
10 0.4157483198042978 0.14063303951239353 0.052368937311946695 0.10934802986891026
10 0.2641022989507033 0.05660730959118612 0.049839213286022005 0.10208054126709405
10 0.2646356031453553 0.22482059022013912 0.05108309565363784 0.10451236249107906
10 0.2595369255716274 0.414528610883013 0.05945459790140662 0.10230434182820516
10 0.25180970903742017 0.5224778872449789 0.049965091158100404 0.10929207972863253
10 0.25369787711859754 0.6306509641680557 0.05850443056864048 0.11669944368114325
10 0.44700650911074036 0.7613009233970622 0.05976929258160282 0.12033318798205145