1 0.7055312502192945 0.6120246932380463 0.06339505074014685 0.1545734071879717
6 0.5760637904576164 0.05571949021937233 0.060781427069078776 0.11143898043874466
6 0.839664947900218 0.7342703639891659 0.06932075511787353 0.14022025847083888
2 0.788197422983356 0.35864185220098393 0.08291950849502701 0.20527794667776172
5 0.5882166816762371 0.2816365455614023 0.06108910076100434 0.17137235898251715
1 0.5173529695802768 0.4976199148019612 0.05490467077870406 0.14125435385349625
4 0.6683819134668987 0.2181995076017524 0.04866430012514437 0.10152096410909059
4 0.6582630628101812 0.1317729311928013 0.04143178391188393 0.09783128103118856
4 0.6922673395145468 0.3982222419576267 0.04992915645723418 0.11235225744258716
4 0.7037069871746129 0.5050675250330813 0.052291047107636116 0.10516869026342618
4 0.6390416902287677 0.7534328891446194 0.054778804268370715 0.11961973846888085
4 0.6094123669849852 0.6191531599177661 0.05350695535237385 0.10758652205846121
4 0.5029500690537726 0.2946487568550381 0.04746936963212889 0.10270890154482484
4 0.5051573215030623 0.054222184546856296 0.04389157073698923 0.10747463692895078
3 0.577643313065539 0.11708496915245116 0.057273554013013185 0.1352727097512584
3 0.42539846093417927 0.39411551584000265 0.06811183945704312 0.13900434975272694
11 0.16266598660639392 0.274568231773008 0.07317126478540172 0.1823295230867128
8 0.14755843781554137 0.36369235280077017 0.07689590794259676 0.2028041723179716
12 0.23394466521833898 0.7497325886867846 0.06693788671574961 0.14379805641923035
12 0.18177708055558794 0.048404743579545925 0.06307339188040664 0.09680948715909185
7 0.3428557506150025 0.051031517927098896 0.04869227046077421 0.10206303585419779
7 0.1326746517097256 0.49127801229007073 0.06572897105491915 0.1425821477011184
9 0.34608472166992155 0.1906976594403518 0.05852442517728808 0.14370015693090876
9 0.14300327988366485 0.6137622810067141 0.07178054194297889 0.149863614368601
10 0.4212262924069108 0.2968017035327998 0.045093493813912304 0.10748862257013961
10 0.4130287996144292 0.1274144635337788 0.05111010178243502 0.10876047385300666
10 0.263521834954172 0.05029811383000075 0.05108213144680544 0.1005962276600015
10 0.2608950274704385 0.2169310245801415 0.04988020836988237 0.10393879590412555
10 0.2523844711124228 0.4069467558634981 0.05827968474052912 0.10163284923860107
10 0.24460034212562712 0.5152177322748966 0.048706255628588865 0.10873250257062904
10 0.24523666726120036 0.6245927322748966 0.05716167267049489 0.1160419405204891
10 0.437069665218339 0.7473690153258767 0.05838457349914022 0.11966169539244721