12 0.8211503753733572 0.10685380686916453 0.06279454053027897 0.13038936110596674
8 0.8522028922660858 0.33139072608873 0.09137580925915965 0.21172257222313723
7 0.8336722471600708 0.16733465700212566 0.06184435899475433 0.15198900410087235
11 0.6666329107501408 0.1600696486786236 0.07432511592321561 0.19200218953643144
9 0.7754574183518931 0.8305292781727774 0.09083036925279614 0.1648475722231371
10 0.7433042461318192 0.1839424970046633 0.055443145656852266 0.11816029599847742
10 0.7568593712358762 0.3622817534555055 0.05419926565636283 0.11451955437799842
10 0.754454683016716 0.46561216568118036 0.06026482360573345 0.1195021086342395
10 0.6519826953067868 0.5924821772532533 0.06265468411839073 0.11837013033673599
2 0.2248829599593725 0.3059236001986996 0.09261968925964902 0.21536331384361623
1 0.40566176100475626 0.16570179395776072 0.05710659489300614 0.15785872992664876
6 0.43545893845174877 0.08481036208002557 0.05811271899328574 0.1410667792394354
6 0.4935682891837784 0.36063241549368463 0.06532425745482434 0.141276613577694
3 0.7652003783724517 0.6787372465833722 0.07770711489496417 0.17287633747479156
3 0.660704683016716 0.46288431928381957 0.06913981130342552 0.15941037690066923
4 0.589262293309022 0.19629295419873777 0.054185280015174225 0.11331763130107533
4 0.31329381328650563 0.3541846339602983 0.050635453349160094 0.11802040643963843
4 0.477170710657138 0.8398849716786045 0.06152268924741177 0.1243447733316416
4 0.4572283578563679 0.6938227763561365 0.05907688616999925 0.12066905932145279
4 0.39144510043825514 0.5608547071477751 0.05911884309356562 0.12427482855222202