5 0.3904457128604877 0.29672276586433605 0.08025081746069815 0.1831468256462886
3 0.5515741754394381 0.4070277795240201 0.07500957027615293 0.1458592399260435
7 0.5587873980316046 0.6137865190904189 0.07270362361062838 0.15425871629669038
11 0.6344360974758723 0.29814226039753794 0.07059347592174703 0.1794851157442602
9 0.8387795323899263 0.6106080988331504 0.0788670810483206 0.16751483306238127
8 0.7327289046662914 0.37923750584788335 0.08287843387356511 0.2023915800448726
12 0.7915227097512584 0.06109150482645266 0.06501657334867052 0.11335137617786134
12 0.7503835067692961 0.7603240396554801 0.08579890668608287 0.14351832702736408
10 0.7428354708539122 0.6280775382744046 0.06619052514321612 0.11095452260792271
10 0.7116800020809776 0.22287562450536497 0.060152938476223244 0.10851571353453938
10 0.711007849238601 0.061824924781580054 0.06012496719384549 0.10611186738069328
10 0.556464939528949 0.3109088962897109 0.04809175078342584 0.10484001846469623
10 0.5519962708710443 0.753160647926144 0.06750433334964967 0.12057689980721466
4 0.4719230564192304 0.06884686212246935 0.056505212321887516 0.10488896655204802
4 0.31041950772412447 0.23616510148029393 0.05779104924594346 0.11210749759749383
4 0.32621149335307603 0.14732068996268982 0.054101366168041364 0.10487498138423319
4 0.47590812209272537 0.3080365470140691 0.05895101539930003 0.10850872095063206
4 0.3713704698134234 0.516548822430926 0.061494717965034286 0.12054193688767761
4 0.29325861338929815 0.41393783552239094 0.055443145656852405 0.11690120473737135
2 0.19785914979433333 0.37492388293216805 0.08538017951573294 0.2108190267511489
6 0.15294382369139392 0.7496371869919647 0.08704278668657252 0.1471310888420409