6 0.12268777716956034 0.7420628923272717 0.08218179720633155 0.14033214360034935
12 0.32400346164078003 0.7239658020981098 0.07143443429344333 0.14261011898349588
2 0.2423390240987658 0.5967708984967817 0.09230890584057108 0.19932427385790158
5 0.37392308210032665 0.2893032031288088 0.07000981505147025 0.1762359938549647
4 0.27320996345742093 0.4035549815771311 0.059812761637811324 0.11484001744356603
4 0.29641472328831076 0.22588015081034774 0.052496306007143584 0.11115033436566407
4 0.3448614582704517 0.5029797836385292 0.05129438293022058 0.1111363487244752
3 0.5333849063081616 0.38734511084314344 0.06889069858075832 0.1377744553934261
4 0.45795278031581266 0.2938879672427943 0.04744380697148287 0.1026809302624473
9 0.46765660718287066 0.12567467903831872 0.05927531396537356 0.13766257026391576
9 0.5186100829331892 0.7298372452014653 0.07298608126746395 0.1546433353939158
7 0.5296685842628007 0.5977096205870596 0.059450175913922335 0.143672185648531
11 0.6133855535256969 0.28247096110999614 0.06410511683598422 0.17977183487978987
8 0.7061342160509055 0.35929698061006543 0.07448989402498349 0.20632602770160796
12 0.7715075876525679 0.05466584420747769 0.05313867084871049 0.0919335507760836
10 0.5372797033927358 0.2948110195612553 0.05108454859196188 0.10392481026293673
10 0.6958214061961238 0.05258282573565998 0.05423567675650422 0.08834176718650316
10 0.6913799127029848 0.20522705650489076 0.05359331191493739 0.10755855077608359
10 0.7097821838527134 0.6058170821499954 0.06458548155579372 0.11369403693139819