6 0.884227005337168 0.7493778952651803 0.08135397105491922 0.142763961036573
12 0.6797742157499117 0.7301208388826615 0.0693487254535031 0.1450279507785312
2 0.7655644708102817 0.6005081034862985 0.09011706178875055 0.2029580143710483
5 0.6387324138265433 0.2870587640160879 0.06714766423297155 0.17985574872692267
4 0.7391773024340836 0.4036864173358787 0.058370588331325295 0.11725784923860107
4 0.7188976456172048 0.22362172605643804 0.051138072118064586 0.11356816616069897
4 0.6628416025592283 0.5055430368335005 0.049936149041141784 0.11355418051951023
3 0.47344042109156537 0.3875464748078351 0.06692390154793483 0.1413942102653842
4 0.5534168531167271 0.2916575137712622 0.0462814317230206 0.10509876205748227
9 0.5464072982333538 0.11985244197720621 0.05730152434864276 0.14008040205895073
9 0.4802759627324032 0.7360482245507722 0.07062756695340756 0.15826309026587365
7 0.4722882474571435 0.6027186768594436 0.05734347985208725 0.1472919405204891
11 0.39468608853989956 0.28028246456203043 0.06115902660007841 0.18339158975174785
8 0.2977778446792038 0.3583383784214004 0.07093524064533313 0.21114770565048901
12 0.23946239566398825 0.04682870460082235 0.04983825286643801 0.0936574092016447
10 0.47169307646986525 0.29381046044902387 0.049894193537697154 0.10634264205797177
10 0.3151765569262347 0.04519672305734356 0.05343003692939245 0.09039344611468712
10 0.31730150107893434 0.2018506225211908 0.05111709436634248 0.10996239692992973
10 0.28842897960744973 0.6108680953459458 0.06316429547120282 0.11490994564951015