2 0.2714057927337103 0.6459132931952993 0.07805675592468407 0.2024835832649039
6 0.1411077609190958 0.7883526529981304 0.07131988719825091 0.1398437079142093
12 0.34912436707392097 0.7859808016706199 0.07131988719825098 0.1398437079142093
4 0.32400007791461694 0.25881114215470113 0.05168353437300633 0.10454033756121796
4 0.37345821120797545 0.5545131990869662 0.05407339488566375 0.10339436462457276
5 0.40612160303335865 0.330452960455823 0.06693176412622269 0.17578949994134627
3 0.5646487363511915 0.44835633709198763 0.06535222873720195 0.14330960179428423
4 0.4912763281594427 0.34806419043568415 0.045659933347202204 0.1031985391336005
11 0.6500001025192328 0.34574728430940227 0.06930763899769123 0.1734416039277778
8 0.7439310737893733 0.4356976994657592 0.07081724618076798 0.19991188669022447
12 0.833657419453568 0.26706680266282123 0.06518440104293624 0.1288865248712073
10 0.5729791261078343 0.3523703413589748 0.0468478707829364 0.10202459112681626
10 0.6505743558732877 0.19307507847003258 0.05175346257895031 0.11054995294583342
10 0.7358138369118188 0.10008141030283181 0.04688982770650304 0.1056303603575855
10 0.7469757332419623 0.690645267124146 0.059090871811187856 0.12153511105897453