5 0.19932948443909265 0.2956730769230769 0.07199399252879943 0.16105769230769232
2 0.187580784051413 0.36899038461538464 0.08110690186145607 0.18509615384615385
1 0.233097496498195 0.2091346153846154 0.04941512262202068 0.12860576923076922
1 0.16938068903968256 0.4987980769230769 0.06882075380133869 0.1346153846153846
3 0.24381913575750033 0.12980769230769232 0.05892559006827602 0.125
3 0.14424883468409172 0.6189903846153846 0.0794631995450976 0.12860576923076922
6 0.2469795126581697 0.0625 0.0525312783968533 0.11177884615384616
6 0.12615365684149055 0.7451923076923077 0.07592737509374786 0.1310096153846154
4 0.3300171221349913 0.05889423076923077 0.04253119749466149 0.0985576923076923
4 0.32279633493732585 0.14182692307692307 0.04486509886908808 0.09615384615384616
4 0.3083290368884123 0.22596153846153846 0.04242628032553215 0.09495192307692307
4 0.2974675080702679 0.31009615384615385 0.046171939115140365 0.09975961538461539
4 0.2815185078267532 0.40384615384615385 0.049777708345909666 0.09975961538461539
4 0.2651498389067214 0.5120192307692307 0.051014603812542456 0.10096153846153846
4 0.2499131482841932 0.6225961538461539 0.05716410875599683 0.10576923076923077
4 0.2308258817029275 0.7415865384615384 0.05624196479675181 0.11538461538461539
11 0.8055533562745503 0.2800480769230769 0.06746607933878525 0.17067307692307693
8 0.817458421138525 0.36658653846153844 0.07300819183038243 0.19591346153846154
7 0.8030538416877018 0.20072115384615385 0.05323072619104826 0.13581730769230768
7 0.8282443695317873 0.49158653846153844 0.06160921533980029 0.1346153846153846
9 0.7885001239419126 0.12259615384615384 0.06143435339125165 0.12860576923076922
9 0.8176055368786929 0.609375 0.0714694066831531 0.14302884615384615
12 0.7893965442475749 0.05048076923076923 0.049812680735619515 0.10096153846153846
12 0.8386142623391971 0.7548076923076923 0.07249646781152727 0.13701923076923078
10 0.7123685501553687 0.054086538461538464 0.04486509886908808 0.09615384615384616
10 0.7123942738089515 0.13581730769230768 0.04476018169995873 0.09254807692307693
10 0.7122801079036953 0.22235576923076922 0.04253119749466149 0.0985576923076923
10 0.7146047605419952 0.3076923076923077 0.0473388898023538 0.0985576923076923
10 0.7104301843397428 0.4098557692307692 0.048575785268986656 0.09975961538461539
10 0.7193368724248054 0.5168269230769231 0.05111952098167194 0.1045673076923077
10 0.7174612252072701 0.6225961538461539 0.0535583395252276 0.10576923076923077
10 0.7258433274466864 0.7475961538461539 0.06083982276618563 0.10817307692307693