5 0.7901537437671288 0.31839906825310876 0.07067651504075939 0.16829976518091513
2 0.8014115842456027 0.39449797080770704 0.07923682084127638 0.193833954347312
1 0.7583792999740739 0.22716356343726088 0.04765117681372125 0.13505037260838718
1 0.8166178305663081 0.5296170203676842 0.06691690896402765 0.14173154125245924
3 0.7482884196529862 0.14509701757676333 0.05844750675430669 0.13182235208606236
3 0.8401746051703086 0.654212566786366 0.07890117681372125 0.1361416466550043
6 0.7479108201219867 0.08019317142291717 0.05231202485935809 0.10997787630786676
6 0.8553528811553845 0.7845239240386508 0.07530240016685934 0.13721765349577944
4 0.6613443882478957 0.07236348944766978 0.04264069957271433 0.10002671506275382
4 0.6666345688451986 0.15546407007022628 0.043849615233544734 0.10127061021839295
4 0.6791572656557618 0.24242225239584825 0.04264069957271433 0.10002671506275376
4 0.6892761163124792 0.32929649056403815 0.04627443913911314 0.10496032360659413
4 0.7030636694551322 0.42711395266068375 0.04867828529295929 0.10504426776402635
4 0.7169351336046741 0.5393544916804065 0.04988720095378996 0.1062881629196654
4 0.7308205829220309 0.6539988768539752 0.057126709750957724 0.11134768769965411
4 0.7471588264805854 0.7771406677234377 0.054778804268370715 0.1208791281576065
11 0.16506284017633266 0.28094858732076644 0.06472284032740322 0.17770528940271946
8 0.14995529138548014 0.3693452579897656 0.07088629255798139 0.20435745748860745
7 0.17058996727133754 0.19822575540665438 0.05129890154793483 0.14238782730607383
7 0.1362804209404948 0.4974473622759423 0.05969837791858158 0.1402777857032399
9 0.18695537981037236 0.11948644143175588 0.059670407582952015 0.13547009339554764
9 0.14420520296058792 0.6202953485943924 0.07057162628214843 0.15027091902706885
12 0.18896764126540422 0.05226269328149567 0.051012205607731516 0.09310898115222765
12 0.11983889133362807 0.7696543195567401 0.07173858643953454 0.14430327572116944
10 0.2670926412654042 0.05499087839803846 0.04500259022311613 0.09289912075864744
10 0.26515729823335377 0.13543578039445253 0.04382164489791523 0.09646291791070061
10 0.2632709032886551 0.22429414392932812 0.04265468474052912 0.10243056121659991
10 0.25777174652927975 0.3118246681511325 0.04626744655520581 0.1037584005296712
10 0.26079094006697695 0.41767784307779543 0.04747636221603621 0.10500229568531037
10 0.24822009652421115 0.5289949963657651 0.04990817870551201 0.10989393215043464
10 0.2476475059989539 0.6371261012101258 0.05231901744326555 0.11117979938478967
10 0.23637648170781475 0.7653121496537347 0.06074646414954188 0.1138774500896482