11 0.3409257425451757 0.13942307692307693 0.07186532720461422 0.18509615384615385
8 0.15510149329189002 0.30528846153846156 0.08297633336188678 0.21033653846153846
9 0.4443009024751789 0.6550480769230769 0.06926568207412487 0.16826923076923078
6 0.2648837610169934 0.06370192307692307 0.06515642976055862 0.125
12 0.4236766215174136 0.15504807692307693 0.06048859386475441 0.13701923076923078
7 0.43604296712042223 0.43509615384615385 0.06192827284188705 0.15745192307692307
10 0.26851665946482617 0.16466346153846154 0.05060748206678248 0.1141826923076923
10 0.25206566456937274 0.3389423076923077 0.05904891488762164 0.11658653846153846
10 0.3447256266219601 0.3293269230769231 0.05670101129853072 0.12139423076923077
10 0.34796608505119236 0.5673076923076923 0.061536674888600644 0.12379807692307693
3 0.23037258042406 0.6538461538461539 0.07524732617636264 0.1658653846153846
1 0.5069301415071343 0.23076923076923078 0.05826656104636258 0.15264423076923078
2 0.7777675753439879 0.29927884615384615 0.09024381438818042 0.21514423076923078
4 0.6870918902095825 0.3449519230769231 0.056575140527831226 0.11057692307692307
4 0.6066872306958075 0.5408653846153846 0.0543531077094398 0.12620192307692307
4 0.5366391947804238 0.6730769230769231 0.06392653540125792 0.12259615384615384