2 0.7896634615384616 0.26265868069971277 0.08413461538461539 0.21180511363578758
6 0.5853365384615384 0.05736371097842049 0.0625 0.11472742195684098
1 0.5204326923076923 0.20245427510346367 0.057692307692307696 0.15605509989970484
4 0.42908653846153844 0.1487602666113297 0.04927884615384615 0.12105247315151071
4 0.6995192307692307 0.31351100025454015 0.052884615384615384 0.11750964285678069
4 0.6225961538461539 0.5203825437105569 0.06009615384615385 0.12244321303655152
4 0.5528846153846154 0.6502051323714182 0.06129807692307692 0.12847380806651343
3 0.44350961538461536 0.6400950493287112 0.06850961538461539 0.15984968593859167
3 0.24278846153846154 0.6279736501015626 0.07572115384615384 0.16237940996451636
11 0.35216346153846156 0.12005488699042337 0.06129807692307692 0.18135842345112874
12 0.19951923076923078 0.06706726476704933 0.06850961538461539 0.13413452953409866
8 0.16947115384615385 0.28670533154461697 0.07572115384615384 0.21165825611836267
9 0.23798076923076922 0.7831056456060251 0.08052884615384616 0.16727102085359447
7 0.4495192307692308 0.41162476648659446 0.06129807692307692 0.15371419268189804
10 0.35336538461538464 0.30753390734507696 0.056490384615384616 0.12478412025435841
10 0.2764423076923077 0.14180929695493985 0.05048076923076923 0.11746768356608793
10 0.2644230769230769 0.31749986263917324 0.04927884615384615 0.11985055007458757
10 0.36177884615384615 0.5453678190584212 0.05889423076923077 0.1260280026219744