2 0.2238208932943375 0.28990290156929927 0.08532423695097777 0.20649385539587356
6 0.42826138563139904 0.07590633544286446 0.06163457437692225 0.13291082052097863
1 0.488985209200421 0.22927781955391302 0.05825257540517384 0.15209963282818148
4 0.5785708563874136 0.17502429546342296 0.04944751591342576 0.11834788718601366
4 0.3110018522621699 0.339000776453005 0.05301132822062863 0.11478407487881079
4 0.3855753414655278 0.5418189344121653 0.06027880924692233 0.1196756810336361
4 0.4514285270895846 0.6676021303187384 0.061536674888600644 0.124497358982517
3 0.5585255517064376 0.6580295446922342 0.06911184002104803 0.15583127282965
3 0.7558227496572767 0.6446981898471981 0.07635134976496424 0.15831903283062887
11 0.6546276656220987 0.14705923701216375 0.06215204310090801 0.1773819743671325
12 0.8055253753733572 0.09231705754537958 0.06887408412083847 0.13539858052195763
8 0.8318541138055264 0.3089988667800647 0.07691077541251609 0.20639595590755194
9 0.7588682511751798 0.7961964401042609 0.08121498463741152 0.16318266770307643
7 0.5551312512241285 0.43320000110167484 0.06183037335356545 0.14973774359790176
10 0.6512859394432886 0.33093948214020574 0.056701011298530855 0.12203757026391575
10 0.7289231261323087 0.1671571159966388 0.05180940514370555 0.11477008923762205
10 0.7377265014934286 0.34035990984426107 0.04943353027223688 0.11714596410909059
10 0.6401592635141993 0.564014659574961 0.05911884309356562 0.12326746462321644