2 0.22982699880186533 0.30065028105566294 0.0902198111941127 0.21011361026783165
6 0.42658702387469 0.08426385441657078 0.06518001218085974 0.1341267292390905
1 0.4959673359113847 0.23886523288692002 0.06216877357515626 0.15451746462321644
4 0.5845028367539667 0.18462569443761875 0.05274111273511185 0.11956379590412555
4 0.320203174472273 0.3509640646574806 0.056276937186461526 0.11720190667384582
4 0.4030715576460082 0.5561860687704872 0.06362836520683911 0.122093512828671
4 0.47528824633985756 0.6843870964720951 0.06497017784260119 0.12691519077755203
3 0.5843135224427599 0.6736405590510455 0.0730909984365933 0.15824910462468475
3 0.7833781121457639 0.6603371754883868 0.08037248167755132 0.16073686462566392
11 0.6593496808573767 0.1554587129094365 0.06654393537954015 0.1810017292390905
12 0.8115171599974624 0.09955656728929564 0.07246149542181776 0.13661448924006953
8 0.8467632611605013 0.31984414575475 0.08180634965565102 0.21001571077951006
9 0.792662270336305 0.8142392718992959 0.08532006354408249 0.16560049949811145
7 0.571694125403001 0.4464071693066399 0.06570459802650606 0.15215557539293664
10 0.6635684781854656 0.3417428041913246 0.06005756836577966 0.12325347898202757
10 0.7356653653285965 0.1767725006120234 0.05387309103261537 0.1171739353914682
10 0.7527555926057417 0.3511912031777576 0.052706140345402074 0.11836187282720254
10 0.6620445774198257 0.578423750856849 0.0624963869093356 0.1244833733413284