3 0.27407223152271176 0.6277358441941637 0.07703678821080064 0.14683303811116405
6 0.14461238012491687 0.7410752653887247 0.0793357361379147 0.14090736688398062
2 0.20267288461791944 0.3774954493888991 0.08046863698662116 0.2058112130378268
5 0.39507939186016644 0.30964977913551917 0.06689082916957823 0.18491682786425792
6 0.4087438480274092 0.07801440191909373 0.05373869755164106 0.11959326092325141
9 0.40634608516574044 0.14648204522499306 0.05639429944964414 0.13410028200376042
9 0.550790004373337 0.4149077368319362 0.06489167956949132 0.13920177886246504
4 0.4771905244759853 0.0840125796366774 0.0487002291451382 0.10620421876223335
4 0.3169063492772962 0.24077385270949117 0.051041136362945085 0.10268239368889624
4 0.33279800137462223 0.1571429022694683 0.04979725399532912 0.10023657545633405
4 0.29220870567210416 0.4154991245233716 0.052389916957293 0.11113782730607383
4 0.28201197427919733 0.5173687815108209 0.05719760926498531 0.111305715620938
4 0.3440267126674156 0.7540522458402033 0.0680778558933322 0.1152892335601517
4 0.4755452990779734 0.31606767764026333 0.04996509115810054 0.10985196007171866
8 0.8217262081693433 0.39550530069689205 0.07918279532831243 0.20096154865141835
12 0.7923251467286421 0.0817881104141268 0.05958047577348516 0.11018773670144698
12 0.7333658710091069 0.7724588916518934 0.07216615696706906 0.1430593805655304
7 0.8352322639893555 0.5174451684894313 0.06978329045856942 0.1441773594850215
11 0.8076537019249781 0.30601735598127583 0.07032876123757603 0.1754273594850215
9 0.6323766458554956 0.21931861425617133 0.06250881306099168 0.14031975778195602
9 0.8271876230061377 0.6338218465573896 0.07349395791607066 0.15031289110578483
10 0.5572131293727034 0.3225275482237234 0.04747732642286861 0.10496032360659427
10 0.7141372077926028 0.08266569452835325 0.04979725399532898 0.10023657545633405
10 0.7148268063202203 0.24985891845680908 0.05234795766660018 0.10873398115222767
10 0.7199254838939483 0.44005656916166747 0.05470984452975358 0.1064140791558136
10 0.7265766552233109 0.5413119121742184 0.057092711038253224 0.10529610023632248
10 0.7271972315227118 0.6435593178701118 0.05837855269656208 0.11014576462273104
10 0.5376202466334166 0.7560020582057938 0.05972733329090993 0.11860119823990854