3 0.29669437249832487 0.6060464173970648 0.07830165022376298 0.14871763385643313
6 0.16900562437062053 0.7289510974146863 0.08060059815087697 0.14273598975419524
2 0.21414266733023124 0.35334971484356775 0.08295640172185295 0.20885574462615336
5 0.4099153546434453 0.274132992765527 0.06817667082788695 0.1882552246241954
6 0.4155655862883574 0.04943100407629491 0.057092711038253224 0.09886200815258982
9 0.4153916658334087 0.10576586250797461 0.05765916146260649 0.13646064718699266
9 0.5727563168055829 0.3744223783846889 0.06615654158245367 0.14136623898300657
4 0.48525614510454945 0.04780951176370773 0.052243059439868164 0.09561902352741546
4 0.3270097252732768 0.20777632405867333 0.05228501873056091 0.10395278154531436
4 0.33992226773141176 0.12107003482594617 0.051041136362945085 0.1015349497502794
4 0.3072991539683542 0.3871285897027991 0.05483572240183205 0.11239421436615352
4 0.3019338242973003 0.49298173431916265 0.05846247127794772 0.11363809436664295
4 0.37343744567427567 0.7325831537972051 0.06932173826094817 0.1161678112911882
4 0.49173004245560015 0.27798966147238063 0.05122995317106275 0.11235225744258709
8 0.8498760564411533 0.3411436183469983 0.08169153970889062 0.20523598975419524
12 0.8084475749247786 0.038437402254827606 0.05918186251190331 0.07687480450965521
12 0.7737407692256996 0.7315317045121026 0.07463294205695448 0.14506990770209754
7 0.8677039192025269 0.46716372808846696 0.07104815247153176 0.14622987385545413
11 0.8326775830401721 0.251181200913222 0.07281652597280797 0.17869578257356603
9 0.6497396028958848 0.17036034042503903 0.06377367507395403 0.14254019077755203
9 0.8637712887072067 0.5862240409097955 0.0759607430059561 0.1522954318048246
10 0.5759066171309084 0.27941451274301055 0.04872120879048444 0.10631467077559414
10 0.7279187287709324 0.03888494277286932 0.05197032405036485 0.07776988554573865
10 0.7355796528457373 0.19821351374678778 0.05361281967956252 0.11117830564804163
10 0.7473918169303181 0.3928271527200046 0.05595372689736941 0.10760050769965009
10 0.7576095279685713 0.49609463784706764 0.05833659340586905 0.1064265559051045
10 0.7630405263444787 0.6006199886158089 0.059643414709524424 0.11245015693090875
10 0.5728727578621208 0.7254538450521714 0.060971215658525896 0.1196756810336361