6 0.15384615384615385 0.7445786236106284 0.07932692307692307 0.14154805231846104
2 0.18990384615384615 0.4913924236155233 0.09495192307692307 0.21264332719237705
5 0.4014423076923077 0.29433466569552197 0.06490384615384616 0.18344753231650307
9 0.4963942307692308 0.13317991596482207 0.0673076923076923 0.1366005035988807
4 0.4807692307692308 0.06088271801398301 0.04927884615384615 0.10393879590412557
4 0.3004807692307692 0.4097464102972009 0.055288461538461536 0.11963372411006959
4 0.3233173076923077 0.22611790671055745 0.057692307692307696 0.10764246462321644
4 0.4855769230769231 0.307332891347969 0.04927884615384615 0.10994841128874093
4 0.37259615384615385 0.5115470872300676 0.056490384615384616 0.11724386359741218
3 0.5637019230769231 0.40199195802524124 0.06370192307692307 0.14256816205992967
9 0.8521634615384616 0.6168869734490158 0.078125 0.15235137436958013
11 0.6454326923076923 0.2971737508568491 0.0673076923076923 0.17506204206041917
8 0.7403846153846154 0.3764036165107646 0.07932692307692307 0.20404805231846104
10 0.7475961538461539 0.6336990688194359 0.06009615384615385 0.11728582052097855
12 0.7560096153846154 0.766008506769296 0.07211538461538461 0.1426660615482514
12 0.8064903846153846 0.0598651344684565 0.06370192307692307 0.10170277744454506
10 0.7271634615384616 0.06014400522691854 0.055288461538461536 0.10400872411006958
10 0.5673076923076923 0.30948583802573076 0.05889423076923077 0.1088583733413284
10 0.7223557692307693 0.22475152420062489 0.04927884615384615 0.11715994975027946
7 0.5661057692307693 0.6135583908460803 0.06971153846153846 0.15345539795818133
10 0.5576923076923077 0.7552874144346818 0.06129807692307692 0.1233094215467828