6 0.8186711834874415 0.7233159971336249 0.0834536650626741 0.1432115796697864
2 0.7958623912342837 0.4750424113442084 0.08650912479421426 0.206934482392056
4 0.518474238483946 0.05822350587269445 0.048785619607245076 0.10776838036931763
3 0.427161034472704 0.3889770448331738 0.07139946190373354 0.1417998601393993
8 0.2535466637233432 0.3691825549468656 0.08170143248652188 0.20685056381067035
11 0.34967478622360654 0.2858153733790759 0.07279835749212374 0.18987678321632237
5 0.588822506141589 0.2828423470320623 0.07248360598473597 0.17905947552401466
4 0.6592648516963678 0.13265000499954796 0.052461333617433874 0.11023516545920302
4 0.666537086201199 0.21301101399062278 0.053663256694356676 0.11025614510454947
4 0.6864616675807008 0.39526274913065573 0.05599715806878354 0.10789425824139606
4 0.6089697836861409 0.49872694868059503 0.06476034350434262 0.12006034652805174
4 0.505714951885348 0.2902995579455804 0.0574788602633846 0.11753062250212719
9 0.5009257570499095 0.1246020104929671 0.07047731794448844 0.15139426510943746
9 0.1422646572067626 0.6017770148612345 0.0801626473392927 0.15396594842605496
12 0.2317829980518823 0.7455732948319065 0.08963814239583826 0.14932609328113408
12 0.20027937460671846 0.05500082979578912 0.06578740463271693 0.11000165959157825
7 0.41874193728878006 0.5957497733546357 0.07164426863170188 0.15021332167786083
10 0.42628311163929566 0.295289983769213 0.05702421919715784 0.10190562250212712
10 0.27964127007335127 0.05037922452740034 0.05334850518696911 0.09943883741224176
10 0.27495496985224416 0.21143691683509266 0.055075014109538516 0.11748866321143431
10 0.24040268083793787 0.6144797608659054 0.06592729419155599 0.11887940309647518
10 0.4267043708516792 0.7349630538242486 0.0634535032582902 0.11643359765193614