6 0.1435401381537697 0.7240455056186723 0.08596242838564956 0.1463837159085311
2 0.18103733408502437 0.4676862492043368 0.08908783289660918 0.21250347078048895
4 0.492661433806414 0.042945876891260205 0.05313867084871049 0.08589175378252041
3 0.5672485868002662 0.3670709835112623 0.07390822522670905 0.1450419364197198
8 0.74699960066629 0.34215058451259217 0.08428014058891674 0.21244752821573384
11 0.6532938217921267 0.25913482042308106 0.07417514251759573 0.19550872000930028
5 0.40686461863318624 0.2632037999437089 0.07506231408713103 0.1847053979581814
4 0.34283146913141943 0.11015482764531684 0.05376817386348616 0.11356816616069897
4 0.33080298962606175 0.1931994050825196 0.05497009694040923 0.11358215180188778
4 0.30007193982624564 0.3821950266244075 0.05726902592512618 0.11000435385349625
4 0.3739524188445739 0.4858672532806318 0.06606718375039505 0.12332340718797169
4 0.49206126753588564 0.26701851172699614 0.058785700509437024 0.12083564718699268
9 0.5078446545669786 0.09621956403321998 0.07181913058025066 0.15583127282964992
9 0.8482831168165453 0.577670722959446 0.08270638305197792 0.15836098975419524
12 0.7477577219489799 0.7290299588699349 0.09214690571881388 0.15246325949909034
12 0.820926323365253 0.036278094305457004 0.06968581480795558 0.07255618861091401
7 0.5634623199754858 0.5797833968442694 0.07298608126746395 0.15464333539391567
10 0.5748890426744487 0.2696592717157379 0.058331059443210126 0.10521064718699268
10 0.7380985482266899 0.033119865592729496 0.057456749700466395 0.06623973118545899
10 0.734893950200184 0.18008676810462 0.057583777432513944 0.12082166154580386
10 0.7468669372887801 0.5944705168193055 0.06843605751453143 0.12214945539342609
10 0.5472464024410845 0.7241540224869266 0.06476034350434262 0.11970365231601357