2 0.17179017083899112 0.28682144923584446 0.09163156860929433 0.21882919351554647
1 0.3624248240860777 0.13236226729237097 0.06333572426236955 0.15435787786500876
6 0.3875345678787502 0.058491037010169625 0.06613712852981447 0.11698207402033925
6 0.44390153785275166 0.221260353858842 0.07228663347326886 0.1318011185211484
3 0.5254924175246819 0.22368992366627097 0.06538984651911815 0.14240859187519753
4 0.5479884808252498 0.15218193150274362 0.058540893781468824 0.11338757608049484
4 0.26060545079925124 0.32987159693068985 0.05624196479675181 0.11692340053184457
4 0.33854995320524 0.5401639142663915 0.05889061767856623 0.12540680684972555
4 0.18680012018687353 0.8027740625700238 0.06854097468366063 0.1268885090443266
4 0.4031776333320727 0.671583949591397 0.06875080902191918 0.13410004750586507
3 0.5042127296636951 0.7899355824558791 0.08326594128733388 0.17895589763882652
8 0.8186032612628197 0.38568984794132877 0.09654417808611598 0.2225748523051547
12 0.7889069307916384 0.05630887574397446 0.07362844610903078 0.11261775148794892
9 0.7250867966998632 0.7931160473646691 0.09277640873358942 0.17562990752573499
11 0.6319703448242346 0.11371114430507821 0.07774593935865518 0.19560795876720066
7 0.8002046032037556 0.11001693282263564 0.06687154871371949 0.15205894888029187
7 0.6100760383300616 0.41217276366880856 0.0694152844264045 0.15693658596740365
10 0.45854369785021404 0.13076639919251368 0.05988270641723075 0.11823024077789693
10 0.7047280942811862 0.13080859776355241 0.06362836520683911 0.12314285025471851
10 0.7163091589016463 0.3106074458460774 0.05868078334030768 0.11819526838818721
10 0.7155654899816144 0.4187105779897348 0.06840108512482164 0.12208081673663457
10 0.6035454501904645 0.5540696315251512 0.06984781492971291 0.13052925066480575