2 0.7972221148337779 0.25675646537638025 0.08783996823433426 0.21762727043862332
1 0.6138601804950358 0.11310375185322097 0.06065642155901999 0.1531559547880857
6 0.5918627805048255 0.050745663966857917 0.06627443899034884 0.10149132793371583
6 0.5298785650981832 0.20566107751242482 0.0688181415560831 0.1317661461314386
3 0.44807786766146995 0.21404881539730353 0.06293439694216693 0.14240859187519753
4 0.42847032818391706 0.14372988448390783 0.05658912616902038 0.11338757608049484
4 0.7077623384174845 0.30381557606105597 0.05421325129755171 0.11572147745492149
4 0.621152264542451 0.5190040279561234 0.05672898258090834 0.12540680684972566
4 0.7612021691230819 0.7708519289652779 0.06635835283748183 0.1268885090443266
4 0.5511042286270671 0.653208992631118 0.06644226668461456 0.13410004750586507
3 0.44513835681587904 0.7764438982281743 0.08018088925475417 0.17895589763882652
8 0.1492308922538486 0.39215814950176675 0.09268961746559304 0.22137292922823162
12 0.1927963476839864 0.05898989920223311 0.07113807386279646 0.11797979840446622
9 0.2262764716863686 0.7924242577707343 0.08853840822846046 0.17439301205910213
11 0.3459572051118889 0.11008528706618859 0.07315116412867016 0.19437106330056786
7 0.17886192613720356 0.11735029538969063 0.06304628207167741 0.1520239764905821
7 0.35693981430252014 0.40533869531274846 0.0655060707902788 0.1569016135776939
10 0.5176923487000008 0.11710346610692442 0.05784699181069856 0.11823024077789693
10 0.2724021415193715 0.1326512951461759 0.06149471796503422 0.12194092717779544
10 0.25469328098223976 0.3121924746739412 0.05663108309258667 0.11699334531126414
10 0.25105869840377887 0.4180316502225915 0.06628842463153771 0.12087889365971148
10 0.3564914317191643 0.5471306459999619 0.06638632411985931 0.12929235519817303