5 0.22205407309353659 0.3031350577580461 0.07469009600721171 0.1643229863774909
2 0.2177229619172546 0.3750755804248819 0.08128718786474373 0.18973823294142428
6 0.17566268879829122 0.7353855862109184 0.07527656754107917 0.13791565107489298
6 0.2599520903961005 0.0736248330183665 0.054284373830609065 0.1132826589113656
1 0.2513178431136754 0.2187078014289613 0.04992428264513901 0.13237353858329579
1 0.30518862052649626 0.623847933694376 0.0629775860704595 0.12554669640856467
4 0.31097041559380373 0.40781653135561 0.04670915945726506 0.097447824573107
4 0.3026149140737183 0.513271010617453 0.05045480403872874 0.10356235712685173
4 0.3741758219815712 0.7495694920514894 0.054032598199359134 0.102465351219058
4 0.39650679930251115 0.6253039122353943 0.05297055047313037 0.10843999421396361
4 0.32863257101869675 0.23777295744730864 0.04422138809300226 0.09377211056291834
4 0.338749497018483 0.15639191211363695 0.0417615917988783 0.09129831962965262
4 0.34277288242323717 0.07123023560064726 0.0431593403667735 0.09974675355782396
3 0.41413495002297024 0.14417209574227458 0.05112620572206202 0.13240851097300557
3 0.3826402089650645 0.49397954534339117 0.06451520998904929 0.14000474572135138
4 0.4901948195279383 0.3157415929710137 0.04564711173103643 0.10342246756801274
11 0.8177323430550216 0.30004867074639213 0.06395671352532052 0.16761400410087235
8 0.8353435730348827 0.38583985027415735 0.07060975552313063 0.1954330968186519
7 0.8490982630917739 0.5123565248584683 0.05842166939401713 0.13622411454203337
7 0.8111901963987181 0.22538955041832232 0.053530051875908174 0.13247845575242514
9 0.6380573231815172 0.2179496801462715 0.06236313946645321 0.1507521086342395
9 0.8456343790897975 0.6215566629099195 0.07083255114519241 0.15340076151605386
10 0.5651976660019238 0.7515243327845712 0.05411652340977578 0.10607112044982724
10 0.7535339032889428 0.6380945581330375 0.058896240647329116 0.10500908693174328
10 0.7476341783067846 0.539431948656216 0.06021006400480754 0.1098517516291451
10 0.7342991143019767 0.43094412022575135 0.056380494212927616 0.10013144984463128
10 0.729545362256464 0.32991263698479334 0.05995828837355788 0.09903444393683741
10 0.7251273110526176 0.24330423066691229 0.052634849631463525 0.09401691729088668
10 0.7171874158284189 0.1601966764106712 0.053780822568109204 0.09164804352675017
10 0.7153130861291133 0.07966783025682507 0.04064359393237173 0.09486911647071214
12 0.7921242627716347 0.07709837089055706 0.055402371697115496 0.10971186207030612
12 0.762396975827725 0.7608655739277401 0.06437533463835485 0.133995130336736