5 0.7631067425207013 0.31525026992861843 0.08259872104978919 0.17835311850641106
2 0.7681793199456669 0.39574415316292755 0.08292039079713148 0.20599734927564184
6 0.8188665055330119 0.7908551866108795 0.08219313745531363 0.14349734927564184
6 0.7191267702467836 0.06672490377792999 0.04946150155461464 0.11927008797168054
1 0.7329336368922392 0.2228840001871338 0.05338894053272643 0.14693529649263348
1 0.6797519547814027 0.6618656266203528 0.06782600309699223 0.14822113057644543
4 0.632672222555455 0.060016831357724204 0.04688982770650277 0.10483302588078883
4 0.6485612656074141 0.243806173368344 0.04451395283503409 0.10722288686682013
4 0.6376049435685325 0.15252994536126413 0.044471995911467735 0.10361711763605097
4 0.6823244706948285 0.544070172497984 0.05769314975762158 0.10369403605903244
4 0.6692440153258767 0.42876946812025724 0.04817566463055884 0.11205155692623468
4 0.6072581157886064 0.798095496763197 0.05301132822062863 0.11448337341571055
4 0.579950382473221 0.6660517803154361 0.0566730400161531 0.11931204347512483
4 0.4745892614944076 0.3217361823740863 0.04933563078391542 0.10845278027937291
3 0.5548540645962946 0.1373874336508746 0.056896810275174056 0.13854281270589416
3 0.3941434871223803 0.41835153906582073 0.06188631591832069 0.15419578304152376
11 0.11792579175440746 0.29737067210227586 0.06823158669146737 0.18307689980721464
8 0.1000219743059465 0.3900166452000563 0.0720751118224463 0.2035305698666292
7 0.12606038253440696 0.2180017935219084 0.053360969250348736 0.14453145033878734
7 0.08517848608189144 0.5295166405461147 0.06176044514762147 0.14337847534921608
9 0.3099685989448266 0.21573000510715337 0.054674777456782224 0.1541538275380794
9 0.08855964298832575 0.6520848240566389 0.07509348412328576 0.15307077838758196
12 0.18416720707049453 0.8017588093755244 0.0666100943788802 0.14701221491561475
12 0.14235753537678358 0.057349671080845176 0.05182339078489436 0.11469934216169035
10 0.22526225640209832 0.05878154807156298 0.04082426975713228 0.09999037065355952
10 0.2254572133134275 0.1453130170261171 0.043186158987412 0.09639858659060511
10 0.2195446553518197 0.2402929104386698 0.04322811591097843 0.10000435582137435
10 0.2136740543137783 0.3316670346204532 0.049321645142726606 0.10725085720244984
10 0.2112134235298629 0.43984710412743755 0.05171150565538395 0.10606291929334141
10 0.1979075137712622 0.5504939530434346 0.05175346257895038 0.10966868852411078
10 0.19539094042259156 0.6634817148581112 0.05419926565636297 0.1132884429226948
10 0.39458765937916584 0.7933235687301912 0.05671499693971946 0.12291781270589407