5 0.15214695595665606 0.28759084180945915 0.07794399417355706 0.17771900217219352
2 0.1456828226180598 0.3658907037580079 0.08410744640413523 0.20433617181304997
6 0.08812177130969384 0.7581244336846567 0.07777617215977949 0.1488728483260398
6 0.20042047273813574 0.04917342334601741 0.05709174683142083 0.09834684669203482
1 0.1863392310713719 0.19406353797450906 0.05130589413184223 0.14329576344473277
1 0.23187784618990942 0.6289627193091959 0.06568701555147473 0.13650389365971122
4 0.2440517151602524 0.395474890878731 0.04867828529295929 0.1047642802037748
4 0.23136818891981875 0.5100073070835209 0.05352793310409602 0.1121157082241524
4 0.30321705399157284 0.760277837465072 0.05591779409012739 0.10978180684972581
4 0.33043553849760166 0.6260949833529958 0.05595974959357182 0.116993345311264
4 0.26795811895962274 0.21091618470501494 0.046253461387391025 0.10108856619358608
4 0.28169672401492407 0.12158918072589996 0.04262671440489955 0.09737787979368757
4 0.289390750766073 0.04299306474221723 0.04621849846785399 0.08598612948443446
3 0.3635183968364895 0.10358605822563663 0.05250781720876537 0.1433307358344425
3 0.31924842521335134 0.4834158610962473 0.06697984221919398 0.15216386604942114
4 0.4405735314986576 0.2852070836637334 0.04751831771948071 0.1119408462756035
11 0.7940997455439123 0.24728097031983468 0.06594574115604847 0.18097504750586518
8 0.8103882396599658 0.33933943378697506 0.07213017113834862 0.2111979863774909
7 0.8228192315245835 0.4747720451924754 0.05974033342202581 0.14714633940347027
7 0.7897675489419231 0.16569009064790446 0.0561135864395346 0.14343565300357175
9 0.6034764646027535 0.16990888797599338 0.06463193673660711 0.16170930588538626
9 0.8149154272562128 0.5939722641461186 0.0742682991037137 0.16559485423383352
10 0.5087598853132338 0.7518937126708578 0.05714768750267997 0.11462447154712763
10 0.7138420074521559 0.6161407141125073 0.06194838722646496 0.11356243802904367
10 0.7120535086821607 0.5104414281226959 0.061976357562094526 0.11837013033673599
10 0.7007125585519476 0.3942046135582551 0.05831464766006615 0.10864982855222202
10 0.6989450375336748 0.28489955833767455 0.06310835479994381 0.10638587195721493
10 0.695877697263775 0.19245639858372687 0.0558688460027755 0.10136834531126414
10 0.6915944487491378 0.10245205737333513 0.05584786825105353 0.09776257608049486
10 0.6908540362101028 0.033520677137636644 0.042570773733640536 0.06704135427527329
12 0.7725778128569647 0.03362971303612989 0.055805912747609036 0.06725942607225978
12 0.7202773690999731 0.7493443413127103 0.06693788671574961 0.14495232758788254